# Units:
#  "lambda" is in Angstroms
#  "pass" is the contribution to the detector signal per photon
#
# Bandpass Names(s): I
#
# collected by: Guangtun Zhu
#
# from http://www.ctio.noao.edu/instruments/FILTERS/index.html
#
# on July 2nd 2008, NYU:
#
# Note 1: I only include Q.E. between  6756.0 AA and  9496.0 AA
#
# Note 2: It seems the curves didnot include atmospheric extinction. I added it by oke way
#   oke, filter.lambda, 1., 1.3, ext
#   filter.pass=filter.pass*10.^(-0.4*ext)
#
# Note 3: mean CCD response:http://www.ctio.noao.edu/pfccd/mosaic_ccds.html
#




6756.0  0.000143058
6768.0  0.000142983
6772.0  0.000285916
6776.0  0.0002144
6788.0  0.000142858
6792.0  0.000499916
6796.0  0.000142808
6800.0  0.000142783
6804.0  0.000142758
6816.0  0.000428048
6820.0  0.000499302
6824.0  0.000499213
6828.0  0.000570429
6832.0  0.000356455
6836.0  7.12784e-05
6844.0  0.000141462
6848.0  0.000210234
6852.0  0.000348364
6856.0  0.000136112
6860.0  0.000331742
6864.0  0.000325654
6868.0  0.000448977
6872.0  0.000632861
6876.0  0.00062528
6880.0  0.00050056
6884.0  0.000188624
6888.0  0.000126389
6892.0  0.000254125
6896.0  0.000447216
6900.0  0.000449876
6904.0  0.000646759
6908.0  0.000520942
6912.0  0.000328014
6916.0  0.000330724
6920.0  0.000667672
6924.0  0.000675155
6928.0  0.000685076
6932.0  0.000692503
6936.0  0.000693102
6940.0  0.000693735
6944.0  0.000694408
6948.0  0.000695127
6952.0  0.000695901
6956.0  0.000696743
6960.0  0.000697671
6964.0  0.000698713
6968.0  0.000699914
6972.0  0.000701365
6976.0  0.000703299
6980.0  0.000708174
6984.0  0.000708002
6988.0  0.00070783
6992.0  0.000707657
6996.0  0.000848981
7000.0  0.000848774
7004.0  0.000848567
7008.0  0.00084836
7012.0  0.00106019
7016.0  0.00120125
7020.0  0.00120096
7024.0  0.00141255
7028.0  0.00155342
7032.0  0.00155304
7036.0  0.00155266
7040.0  0.00155228
7044.0  0.0019046
7048.0  0.00197465
7052.0  0.00211518
7056.0  0.00218515
7060.0  0.00225508
7064.0  0.00260679
7068.0  0.00267658
7072.0  0.00267592
7076.0  0.00302727
7080.0  0.00337844
7084.0  0.0035887
7088.0  0.0041506
7092.0  0.0042199
7096.0  0.00478137
7100.0  0.00506137
7104.0  0.00548178
7108.0  0.0062533
7112.0  0.00674345
7116.0  0.00723336
7120.0  0.00800385
7124.0  0.0084932
7128.0  0.00940334
7132.0  0.0105235
7136.0  0.0117132
7140.0  0.0127621
7144.0  0.0138096
7148.0  0.0152738
7152.0  0.0167733
7156.0  0.0187091
7160.0  0.0203696
7164.0  0.0222928
7168.0  0.0243825
7172.0  0.026569
7176.0  0.0288871
7180.0  0.0317159
7184.0  0.0352351
7188.0  0.0387446
7192.0  0.0430488
7196.0  0.0478165
7200.0  0.0531144
7204.0  0.0592662
7208.0  0.0658479
7212.0  0.0735495
7216.0  0.081639
7220.0  0.0914833
7224.0  0.100342
7228.0  0.109892
7232.0  0.120779
7236.0  0.131934
7240.0  0.144008
7244.0  0.157054
7248.0  0.171734
7252.0  0.187498
7256.0  0.20363
7260.0  0.221117
7264.0  0.239571
7268.0  0.258014
7272.0  0.277303
7276.0  0.296589
7280.0  0.31647
7284.0  0.336358
7288.0  0.355729
7292.0  0.375252
7296.0  0.394668
7300.0  0.414255
7304.0  0.43269
7308.0  0.450051
7312.0  0.467266
7316.0  0.482989
7320.0  0.497919
7324.0  0.512154
7328.0  0.525536
7332.0  0.538285
7336.0  0.550448
7340.0  0.562906
7344.0  0.570792
7348.0  0.57773
7352.0  0.584132
7356.0  0.589795
7360.0  0.594583
7364.0  0.598707
7368.0  0.60217
7372.0  0.605116
7376.0  0.607555
7380.0  0.60985
7384.0  0.611905
7388.0  0.61359
7392.0  0.615292
7396.0  0.616188
7400.0  0.616534
7404.0  0.616674
7408.0  0.616333
7412.0  0.616199
7416.0  0.616406
7420.0  0.615654
7424.0  0.615245
7428.0  0.614767
7432.0  0.614563
7436.0  0.614017
7440.0  0.613608
7444.0  0.61361
7448.0  0.613406
7452.0  0.612997
7456.0  0.61252
7460.0  0.612726
7464.0  0.613069
7468.0  0.613138
7472.0  0.613411
7476.0  0.613685
7480.0  0.613753
7484.0  0.612798
7488.0  0.612525
7492.0  0.612388
7496.0  0.61266
7500.0  0.612523
7504.0  0.61225
7508.0  0.612522
7512.0  0.612929
7516.0  0.613267
7520.0  0.613197
7524.0  0.613671
7528.0  0.61428
7532.0  0.614413
7536.0  0.614274
7540.0  0.614203
7544.0  0.614811
7548.0  0.615417
7552.0  0.615956
7556.0  0.616222
7560.0  0.61676
7564.0  0.603111
7568.0  0.598365
7572.0  0.594918
7576.0  0.592109
7580.0  0.563102
7584.0  0.532586
7588.0  0.511422
7592.0  0.442399
7596.0  0.374638
7600.0  0.331016
7604.0  0.298508
7608.0  0.297005
7612.0  0.304684
7616.0  0.312826
7620.0  0.321038
7624.0  0.32992
7628.0  0.339563
7632.0  0.350154
7636.0  0.361766
7640.0  0.374184
7644.0  0.388152
7648.0  0.403854
7652.0  0.423869
7656.0  0.448293
7660.0  0.479295
7664.0  0.5132
7668.0  0.525167
7672.0  0.539117
7676.0  0.555816
7680.0  0.577436
7684.0  0.595488
7688.0  0.600303
7692.0  0.606007
7696.0  0.613101
7700.0  0.624724
7704.0  0.625144
7708.0  0.626154
7712.0  0.627445
7716.0  0.628518
7720.0  0.629757
7724.0  0.630616
7728.0  0.632684
7732.0  0.635688
7736.0  0.635512
7740.0  0.635135
7744.0  0.635224
7748.0  0.634914
7752.0  0.63467
7756.0  0.63436
7760.0  0.63405
7764.0  0.633872
7768.0  0.634094
7772.0  0.633783
7776.0  0.632875
7780.0  0.632299
7784.0  0.632122
7788.0  0.632077
7792.0  0.631833
7796.0  0.63139
7800.0  0.630749
7804.0  0.630968
7808.0  0.630592
7812.0  0.630679
7816.0  0.630435
7820.0  0.630322
7824.0  0.62988
7828.0  0.629371
7832.0  0.628665
7836.0  0.627958
7840.0  0.627582
7844.0  0.627008
7848.0  0.62716
7852.0  0.627114
7856.0  0.626606
7860.0  0.626823
7864.0  0.626842
7868.0  0.626597
7872.0  0.626287
7876.0  0.626108
7880.0  0.625864
7884.0  0.625488
7888.0  0.625111
7892.0  0.624473
7896.0  0.623966
7900.0  0.623918
7904.0  0.62269
7908.0  0.622052
7912.0  0.621349
7916.0  0.620778
7920.0  0.619944
7924.0  0.618653
7928.0  0.618148
7932.0  0.618166
7936.0  0.617858
7940.0  0.61683
7944.0  0.616325
7948.0  0.616409
7952.0  0.616427
7956.0  0.61651
7960.0  0.616788
7964.0  0.617261
7968.0  0.617603
7972.0  0.617424
7976.0  0.616854
7980.0  0.61713
7984.0  0.617016
7988.0  0.617291
7992.0  0.617502
7996.0  0.616736
8000.0  0.614932
8004.0  0.612658
8008.0  0.610712
8012.0  0.610126
8016.0  0.609733
8020.0  0.60908
8024.0  0.608426
8028.0  0.60777
8032.0  0.60737
8036.0  0.606776
8040.0  0.605733
8044.0  0.604498
8048.0  0.603519
8052.0  0.602922
8056.0  0.602641
8060.0  0.602294
8064.0  0.601818
8068.0  0.601024
8072.0  0.599977
8076.0  0.598741
8080.0  0.598009
8084.0  0.597527
8088.0  0.596981
8092.0  0.596746
8096.0  0.595759
8100.0  0.594646
8104.0  0.593846
8108.0  0.588666
8112.0  0.584184
8116.0  0.580812
8120.0  0.577718
8124.0  0.575501
8128.0  0.573106
8132.0  0.570729
8136.0  0.568101
8140.0  0.565682
8144.0  0.55963
8148.0  0.55446
8152.0  0.549886
8156.0  0.545528
8160.0  0.5415
8164.0  0.53818
8168.0  0.534613
8172.0  0.534327
8176.0  0.534967
8180.0  0.535566
8184.0  0.536752
8188.0  0.537641
8192.0  0.538472
8196.0  0.539664
8200.0  0.540626
8204.0  0.542479
8208.0  0.544446
8212.0  0.542107
8216.0  0.536172
8220.0  0.531028
8224.0  0.527007
8228.0  0.52255
8232.0  0.518142
8236.0  0.519779
8240.0  0.522016
8244.0  0.524017
8248.0  0.526053
8252.0  0.528705
8256.0  0.532122
8260.0  0.535763
8264.0  0.533583
8268.0  0.531845
8272.0  0.530538
8276.0  0.52899
8280.0  0.527254
8284.0  0.526572
8288.0  0.525903
8292.0  0.525522
8296.0  0.52543
8300.0  0.525079
8304.0  0.52491
8308.0  0.524924
8312.0  0.52441
8316.0  0.523701
8320.0  0.523513
8324.0  0.523518
8328.0  0.52345
8332.0  0.522885
8336.0  0.522582
8340.0  0.522093
8344.0  0.52186
8348.0  0.521672
8352.0  0.522029
8356.0  0.522455
8360.0  0.521934
8364.0  0.522356
8368.0  0.522911
8372.0  0.521807
8376.0  0.520089
8380.0  0.519197
8384.0  0.518531
8388.0  0.517603
8392.0  0.516522
8396.0  0.515563
8400.0  0.513971
8404.0  0.511966
8408.0  0.51085
8412.0  0.509763
8416.0  0.508233
8420.0  0.507085
8424.0  0.505483
8428.0  0.504025
8432.0  0.502406
8436.0  0.50105
8440.0  0.500203
8444.0  0.497337
8448.0  0.494533
8452.0  0.492054
8456.0  0.48974
8460.0  0.487326
8464.0  0.485076
8468.0  0.482936
8472.0  0.48059
8476.0  0.478565
8480.0  0.475654
8484.0  0.472437
8488.0  0.46949
8492.0  0.466863
8496.0  0.464139
8500.0  0.461577
8504.0  0.45923
8508.0  0.4573
8512.0  0.455221
8516.0  0.452683
8520.0  0.449895
8524.0  0.448241
8528.0  0.446948
8532.0  0.44586
8536.0  0.444569
8540.0  0.442924
8544.0  0.441434
8548.0  0.43939
8552.0  0.437805
8556.0  0.436726
8560.0  0.435798
8564.0  0.435321
8568.0  0.435293
8572.0  0.435509
8576.0  0.435572
8580.0  0.435332
8584.0  0.435486
8588.0  0.435486
8592.0  0.435877
8596.0  0.436953
8600.0  0.43856
8604.0  0.439714
8608.0  0.440712
8612.0  0.442239
8616.0  0.443804
8620.0  0.444919
8624.0  0.446559
8628.0  0.447704
8632.0  0.448307
8636.0  0.448132
8640.0  0.447858
8644.0  0.447628
8648.0  0.44658
8652.0  0.444339
8656.0  0.441722
8660.0  0.438256
8664.0  0.432808
8668.0  0.42596
8672.0  0.418289
8676.0  0.409752
8680.0  0.399369
8684.0  0.387341
8688.0  0.374567
8692.0  0.360774
8696.0  0.346015
8700.0  0.329833
8704.0  0.313212
8708.0  0.296433
8712.0  0.27959
8716.0  0.263006
8720.0  0.245715
8724.0  0.22896
8728.0  0.212647
8732.0  0.196636
8736.0  0.181972
8740.0  0.166922
8744.0  0.15339
8748.0  0.14114
8752.0  0.129128
8756.0  0.118295
8760.0  0.108096
8764.0  0.0987499
8768.0  0.0903854
8772.0  0.0825055
8776.0  0.075107
8780.0  0.0687629
8784.0  0.0625371
8788.0  0.0572673
8792.0  0.0523745
8796.0  0.0480757
8800.0  0.0438848
8804.0  0.0402819
8808.0  0.0370449
8812.0  0.034345
8816.0  0.0317882
8820.0  0.0293301
8824.0  0.0267543
8828.0  0.0245785
8832.0  0.0226708
8836.0  0.0211149
8840.0  0.0195239
8844.0  0.0183242
8848.0  0.0170027
8852.0  0.0158149
8856.0  0.014802
8860.0  0.0138363
8864.0  0.0130857
8868.0  0.0121709
8872.0  0.0114281
8876.0  0.0107306
8880.0  0.0101199
8884.0  0.00942913
8888.0  0.00878323
8892.0  0.0083885
8896.0  0.00787205
8900.0  0.0073993
8904.0  0.00712864
8908.0  0.00667193
8912.0  0.00631107
8916.0  0.00579788
8920.0  0.00549074
8924.0  0.00534612
8928.0  0.00500652
8932.0  0.00478825
8936.0  0.00453321
8940.0  0.00439737
8944.0  0.00406913
8948.0  0.00385955
8952.0  0.00388244
8956.0  0.00394354
8960.0  0.00388983
8964.0  0.0036256
8968.0  0.00342221
8972.0  0.00326749
8976.0  0.00312045
8980.0  0.00294378
8984.0  0.00287788
8988.0  0.0028493
8992.0  0.00275342
8996.0  0.00259186
9000.0  0.00251089
9004.0  0.00237234
9008.0  0.00230185
9012.0  0.00219774
9016.0  0.00212768
9020.0  0.00229395
9024.0  0.00217405
9028.0  0.00236259
9032.0  0.00238475
9036.0  0.00223747
9040.0  0.00205924
9044.0  0.00211963
9048.0  0.00211347
9052.0  0.0021073
9056.0  0.00210114
9060.0  0.0018871
9064.0  0.00184871
9068.0  0.00181969
9072.0  0.0016596
9076.0  0.00153899
9080.0  0.00159389
9084.0  0.00145597
9088.0  0.00161575
9092.0  0.00154437
9096.0  0.00147346
9100.0  0.00146829
9104.0  0.00159317
9108.0  0.00168474
9112.0  0.00167879
9116.0  0.0016085
9120.0  0.00144251
9124.0  0.00146932
9128.0  0.00165505
9132.0  0.00174428
9136.0  0.00158003
9140.0  0.00157437
9144.0  0.00131771
9148.0  0.00125044
9152.0  0.00124593
9156.0  0.00130349
9160.0  0.00145598
9164.0  0.00136308
9168.0  0.00120833
9172.0  0.00133259
9176.0  0.00148811
9180.0  0.0014889
9184.0  0.00139685
9188.0  0.001336
9192.0  0.00124427
9196.0  0.00118383
9200.0  0.00093638
9204.0  0.000844789
9208.0  0.00100441
9212.0  0.00122942
9216.0  0.00136432
9220.0  0.00126385
9224.0  0.00114834
9228.0  0.00122366
9232.0  0.00131434
9236.0  0.00125602
9240.0  0.00119793
9244.0  0.00120012
9248.0  0.00147359
9252.0  0.00138759
9256.0  0.00123088
9260.0  0.0013147
9264.0  0.00133825
9268.0  0.00127277
9272.0  0.00114897
9276.0  0.00102632
9280.0  0.00102155
9284.0  0.00122018
9288.0  0.00115669
9292.0  0.000866976
9296.0  0.000868115
9300.0  0.00094758
9304.0  0.000887976
9308.0  0.000637235
9312.0  0.000489189
9316.0  0.00051584
9320.0  0.000561485
9324.0  0.000936836
9328.0  0.000893917
9332.0  0.000909137
9336.0  0.0010145
9340.0  0.000973649
9344.0  0.000848243
9348.0  0.000677553
9352.0  0.000660883
9356.0  0.000683188
9360.0  0.000619887
9364.0  0.00064248
9368.0  0.000788215
9372.0  0.00100744
9376.0  0.000784983
9380.0  0.000702584
9384.0  0.00101489
9388.0  0.00129224
9392.0  0.00151516
9396.0  0.00180391
9400.0  0.00156497
9404.0  0.00147991
9408.0  0.00123973
9412.0  0.00119836
9416.0  0.0015729
9420.0  0.00254656
9424.0  0.00230841
9428.0  0.00156544
9432.0  0.00125442
9436.0  0.00101421
9440.0  0.00140811
9444.0  0.00205895
9448.0  0.00229189
9452.0  0.00233147
9456.0  0.00188702
9460.0  0.00171848
9464.0  0.00156881
9468.0  0.00165916
9472.0  0.00187821
9476.0  0.00209677
9480.0  0.0016351
9484.0  0.00121119
9488.0  0.0011182
9492.0  0.000860621
9496.0  0.000859694
