# Units:
#  "lambda" is in Angstroms
#  "pass" is the contribution to the detector signal per photon
#
# Bandpass Names(s): B
#
# collected by: Guangtun Zhu
#
# from http://www.ctio.noao.edu/instruments/FILTERS/index.html
#
# on July 2nd 2008, NYU:
#
# Note 1: I only include Q.E. between  3302.0 AA and  5830.0 AA
#
# Note 2: It seems the curves didnot include atmospheric extinction. I added it by oke way
#   oke, filter.lambda, 1., 1.3, ext
#   filter.pass=filter.pass*10.^(-0.4*ext)
#
# Note 3: mean CCD response:http://www.ctio.noao.edu/pfccd/mosaic_ccds.html
#




3302.0  6.16622e-06
3310.0  1.90241e-05
3314.0  3.2152e-05
3318.0  3.26021e-05
3322.0  1.98201e-05
3338.0  1.38817e-05
3346.0  5.82441e-05
3350.0  7.48118e-05
3354.0  3.0736e-05
3358.0  3.15559e-05
3362.0  8.0913e-06
3366.0  1.65812e-05
3370.0  5.09499e-05
3374.0  4.34722e-05
3382.0  2.73125e-05
3386.0  4.65499e-05
3390.0  1.9035e-05
3394.0  4.86335e-05
3398.0  2.98128e-05
3402.0  2.0299e-05
3406.0  2.07247e-05
3410.0  7.40384e-05
3414.0  5.39657e-05
3418.0  4.40442e-05
3422.0  2.24614e-05
3434.0  8.33004e-05
3446.0  2.51705e-05
3450.0  2.56344e-05
3454.0  0.000104328
3458.0  0.000132662
3462.0  0.000107943
3466.0  0.00012349
3474.0  1.41819e-05
3478.0  0.000115316
3482.0  0.000102541
3486.0  2.97688e-05
3490.0  0.000181459
3494.0  0.000245765
3498.0  0.000280811
3502.0  0.000269257
3506.0  0.000482228
3510.0  0.000570893
3514.0  0.000645431
3518.0  0.000705144
3522.0  0.000783386
3526.0  0.000880897
3530.0  0.00105097
3534.0  0.00113672
3538.0  0.00129656
3542.0  0.00144219
3546.0  0.00162842
3550.0  0.00187554
3554.0  0.00212884
3558.0  0.00236909
3562.0  0.00271269
3566.0  0.0031042
3570.0  0.00354525
3574.0  0.0039766
3578.0  0.00437701
3582.0  0.00489067
3586.0  0.00541623
3590.0  0.00608183
3594.0  0.00671952
3598.0  0.00745904
3602.0  0.00814642
3606.0  0.00906993
3610.0  0.0100131
3614.0  0.0109301
3618.0  0.0117732
3622.0  0.0128676
3626.0  0.0139369
3630.0  0.0150994
3634.0  0.016188
3638.0  0.0173222
3642.0  0.0187012
3646.0  0.0201069
3650.0  0.021818
3654.0  0.0232911
3658.0  0.0245776
3662.0  0.0259832
3666.0  0.0275363
3670.0  0.0289253
3674.0  0.0305421
3678.0  0.0321522
3682.0  0.0339153
3686.0  0.0358076
3690.0  0.0376687
3694.0  0.0392527
3698.0  0.0410198
3702.0  0.0429949
3706.0  0.0449311
3710.0  0.0468611
3714.0  0.0489253
3718.0  0.0509844
3722.0  0.0530665
3726.0  0.0551143
3730.0  0.0571558
3734.0  0.0592776
3738.0  0.0615392
3742.0  0.0639135
3746.0  0.0659888
3750.0  0.0680565
3754.0  0.0703851
3758.0  0.0726483
3762.0  0.0749051
3766.0  0.0771856
3770.0  0.0794898
3774.0  0.0816639
3778.0  0.0837981
3782.0  0.0861722
3786.0  0.0885391
3790.0  0.0907723
3794.0  0.0930913
3798.0  0.0951779
3802.0  0.0975278
3806.0  0.0997568
3810.0  0.102234
3814.0  0.104212
3818.0  0.10647
3822.0  0.108881
3826.0  0.111314
3830.0  0.113569
3834.0  0.115911
3838.0  0.118173
3842.0  0.120625
3846.0  0.123031
3850.0  0.12556
3854.0  0.127906
3858.0  0.130132
3862.0  0.132413
3866.0  0.134678
3870.0  0.137033
3874.0  0.139266
3878.0  0.14166
3882.0  0.144002
3886.0  0.1464
3890.0  0.148854
3894.0  0.151074
3898.0  0.153238
3902.0  0.155515
3906.0  0.157684
3910.0  0.160092
3914.0  0.162594
3918.0  0.164778
3922.0  0.167015
3926.0  0.168852
3930.0  0.170853
3934.0  0.172869
3938.0  0.174938
3942.0  0.17706
3946.0  0.179197
3950.0  0.181271
3954.0  0.183556
3958.0  0.185858
3962.0  0.187937
3966.0  0.190191
3970.0  0.192822
3974.0  0.194988
3978.0  0.196845
3982.0  0.198673
3986.0  0.200963
3990.0  0.203433
3994.0  0.205424
3998.0  0.207345
4002.0  0.20941
4006.0  0.211746
4010.0  0.213675
4014.0  0.215658
4018.0  0.21744
4022.0  0.219488
4026.0  0.221119
4030.0  0.222974
4034.0  0.224839
4038.0  0.226627
4042.0  0.228556
4046.0  0.230539
4050.0  0.233018
4054.0  0.234372
4058.0  0.235554
4062.0  0.236651
4066.0  0.237708
4070.0  0.238945
4074.0  0.240409
4078.0  0.24161
4082.0  0.243083
4086.0  0.24483
4090.0  0.246539
4094.0  0.247668
4098.0  0.249116
4102.0  0.250596
4106.0  0.252063
4110.0  0.253398
4114.0  0.255055
4118.0  0.25649
4122.0  0.257976
4126.0  0.259237
4130.0  0.260776
4134.0  0.262229
4138.0  0.263732
4142.0  0.265009
4146.0  0.266429
4150.0  0.267483
4154.0  0.268679
4158.0  0.269182
4162.0  0.270012
4166.0  0.270937
4170.0  0.272378
4174.0  0.273823
4178.0  0.275038
4182.0  0.275929
4186.0  0.27668
4190.0  0.277245
4194.0  0.278425
4198.0  0.27956
4202.0  0.280685
4206.0  0.281326
4210.0  0.282348
4214.0  0.283848
4218.0  0.285592
4222.0  0.287293
4226.0  0.288808
4230.0  0.289847
4234.0  0.290313
4238.0  0.290876
4242.0  0.292211
4246.0  0.293791
4250.0  0.295085
4254.0  0.295899
4258.0  0.296666
4262.0  0.297774
4266.0  0.299179
4270.0  0.300099
4274.0  0.300923
4278.0  0.30175
4282.0  0.302971
4286.0  0.304047
4290.0  0.304487
4294.0  0.30468
4298.0  0.305317
4302.0  0.306323
4306.0  0.307103
4310.0  0.307139
4314.0  0.307673
4318.0  0.308506
4322.0  0.309541
4326.0  0.310478
4330.0  0.311367
4334.0  0.312008
4338.0  0.31295
4342.0  0.313594
4346.0  0.313936
4350.0  0.314127
4354.0  0.314974
4358.0  0.315925
4362.0  0.316573
4366.0  0.316919
4370.0  0.317315
4374.0  0.317966
4378.0  0.319078
4382.0  0.319885
4386.0  0.320234
4390.0  0.321045
4394.0  0.321497
4398.0  0.321591
4402.0  0.322183
4406.0  0.322812
4410.0  0.323856
4414.0  0.324022
4418.0  0.324344
4422.0  0.324925
4426.0  0.325766
4430.0  0.326246
4434.0  0.326674
4438.0  0.326946
4442.0  0.327322
4446.0  0.327699
4450.0  0.328076
4454.0  0.328348
4458.0  0.329198
4462.0  0.33005
4466.0  0.330957
4470.0  0.331495
4474.0  0.331136
4478.0  0.330511
4482.0  0.330466
4486.0  0.330898
4490.0  0.331384
4494.0  0.331391
4498.0  0.331503
4502.0  0.331905
4506.0  0.331846
4510.0  0.331252
4514.0  0.331138
4518.0  0.331292
4522.0  0.331015
4526.0  0.330575
4530.0  0.330942
4534.0  0.331687
4538.0  0.331623
4542.0  0.331125
4546.0  0.330734
4550.0  0.330287
4554.0  0.33087
4558.0  0.330856
4562.0  0.330569
4566.0  0.329681
4570.0  0.328845
4574.0  0.328607
4578.0  0.328368
4582.0  0.328072
4586.0  0.327776
4590.0  0.327038
4594.0  0.326189
4598.0  0.325336
4602.0  0.324363
4606.0  0.323821
4610.0  0.322834
4614.0  0.321623
4618.0  0.320409
4622.0  0.319302
4626.0  0.318359
4630.0  0.31719
4634.0  0.315907
4638.0  0.314842
4642.0  0.314389
4646.0  0.314492
4650.0  0.313812
4654.0  0.312514
4658.0  0.310652
4662.0  0.309345
4666.0  0.308373
4670.0  0.307116
4674.0  0.305461
4678.0  0.303745
4682.0  0.301233
4686.0  0.299054
4690.0  0.2967
4694.0  0.294623
4698.0  0.292199
4702.0  0.289812
4706.0  0.287007
4710.0  0.284594
4714.0  0.282176
4718.0  0.279637
4722.0  0.276407
4726.0  0.273397
4730.0  0.27061
4734.0  0.267873
4738.0  0.26513
4742.0  0.262553
4746.0  0.260199
4750.0  0.257207
4754.0  0.254438
4758.0  0.251201
4762.0  0.248187
4766.0  0.24534
4770.0  0.242602
4774.0  0.239915
4778.0  0.23699
4782.0  0.234348
4786.0  0.231643
4790.0  0.228639
4794.0  0.225745
4798.0  0.222903
4802.0  0.219932
4806.0  0.216832
4810.0  0.2139
4814.0  0.210435
4818.0  0.207784
4822.0  0.204891
4826.0  0.202169
4830.0  0.198675
4834.0  0.195115
4838.0  0.192078
4842.0  0.188797
4846.0  0.185805
4850.0  0.182629
4854.0  0.178202
4858.0  0.173172
4862.0  0.170388
4866.0  0.169201
4870.0  0.167894
4874.0  0.16563
4878.0  0.163122
4882.0  0.16043
4886.0  0.157613
4890.0  0.154311
4894.0  0.151541
4898.0  0.148345
4902.0  0.145431
4906.0  0.142622
4910.0  0.139867
4914.0  0.137408
4918.0  0.134944
4922.0  0.132415
4926.0  0.129701
4930.0  0.127102
4934.0  0.12474
4938.0  0.122677
4942.0  0.120548
4946.0  0.118174
4950.0  0.116583
4954.0  0.114443
4958.0  0.112177
4962.0  0.11009
4966.0  0.108242
4970.0  0.106756
4974.0  0.105329
4978.0  0.103654
4982.0  0.101916
4986.0  0.100112
4990.0  0.0980612
4994.0  0.0966187
4998.0  0.0950508
5002.0  0.0932311
5006.0  0.0915891
5010.0  0.0896369
5014.0  0.0878045
5018.0  0.0862767
5022.0  0.0844998
5026.0  0.0828432
5030.0  0.0808751
5034.0  0.079089
5038.0  0.0774235
5042.0  0.0756933
5046.0  0.0736504
5050.0  0.07179
5054.0  0.0699265
5058.0  0.0677492
5062.0  0.0656926
5066.0  0.0636325
5070.0  0.0621292
5074.0  0.0607479
5078.0  0.0589277
5082.0  0.0570421
5086.0  0.0553407
5090.0  0.0535738
5094.0  0.0523045
5098.0  0.0508452
5102.0  0.0493834
5106.0  0.0477937
5110.0  0.0463269
5114.0  0.0451088
5118.0  0.0439516
5122.0  0.0427295
5126.0  0.0413794
5130.0  0.0398379
5134.0  0.0385461
5138.0  0.0378204
5142.0  0.036967
5146.0  0.0359225
5150.0  0.0343066
5154.0  0.0331314
5158.0  0.0322078
5162.0  0.0312827
5166.0  0.030229
5170.0  0.0291099
5174.0  0.0279254
5178.0  0.0269299
5182.0  0.0260601
5186.0  0.0249976
5190.0  0.0239971
5194.0  0.0233143
5198.0  0.0228861
5202.0  0.0218165
5206.0  0.0209366
5210.0  0.0201835
5214.0  0.0193651
5218.0  0.0189305
5222.0  0.0184952
5226.0  0.0178022
5230.0  0.0167222
5234.0  0.0159624
5238.0  0.0152015
5242.0  0.0144393
5246.0  0.0141276
5250.0  0.0135572
5254.0  0.013309
5258.0  0.0125431
5262.0  0.0119702
5266.0  0.0113964
5270.0  0.0108218
5274.0  0.0101814
5278.0  0.0100592
5282.0  0.00974203
5286.0  0.00942435
5290.0  0.0089761
5294.0  0.00859227
5298.0  0.00820785
5302.0  0.00782286
5306.0  0.00763299
5310.0  0.00731226
5314.0  0.00725239
5318.0  0.00706166
5322.0  0.0068052
5326.0  0.00654835
5330.0  0.00642218
5334.0  0.00609907
5338.0  0.00610362
5342.0  0.00610818
5346.0  0.00598128
5350.0  0.00559108
5354.0  0.00546359
5358.0  0.00533592
5362.0  0.00494435
5366.0  0.00481608
5370.0  0.00481967
5374.0  0.00462505
5378.0  0.00482685
5382.0  0.00489662
5386.0  0.00496648
5390.0  0.00463883
5394.0  0.00464228
5398.0  0.004513
5402.0  0.00418412
5406.0  0.00398755
5410.0  0.00399023
5414.0  0.00419255
5418.0  0.00466151
5422.0  0.00466463
5426.0  0.00466776
5430.0  0.00467089
5434.0  0.00440693
5438.0  0.00454351
5442.0  0.00441283
5446.0  0.0046165
5450.0  0.00468654
5454.0  0.0042877
5458.0  0.00382129
5462.0  0.00335425
5466.0  0.00335649
5470.0  0.00369461
5474.0  0.00416761
5478.0  0.00423765
5482.0  0.00444241
5486.0  0.00498421
5490.0  0.00539193
5494.0  0.00485597
5498.0  0.00479172
5502.0  0.00513258
5506.0  0.00527116
5510.0  0.00561279
5514.0  0.00568419
5518.0  0.00595883
5522.0  0.0059628
5526.0  0.00623798
5530.0  0.00644567
5534.0  0.00644995
5538.0  0.00659012
5542.0  0.00673047
5546.0  0.00680297
5550.0  0.00728401
5554.0  0.00742508
5558.0  0.00749817
5562.0  0.00763957
5566.0  0.00805417
5570.0  0.00819611
5574.0  0.00806485
5578.0  0.00827537
5582.0  0.00834929
5586.0  0.00821785
5590.0  0.00822328
5594.0  0.00822872
5598.0  0.00823417
5602.0  0.00830808
5606.0  0.00845058
5610.0  0.00859325
5614.0  0.00887367
5618.0  0.00887911
5622.0  0.00881568
5626.0  0.00882107
5630.0  0.00875751
5634.0  0.00827988
5638.0  0.00849206
5642.0  0.00835909
5646.0  0.00829507
5650.0  0.0079543
5654.0  0.00795916
5658.0  0.00796402
5662.0  0.007761
5666.0  0.0071417
5670.0  0.00707668
5674.0  0.00673389
5678.0  0.00639067
5682.0  0.00639457
5686.0  0.00625937
5690.0  0.006124
5694.0  0.00584919
5698.0  0.00557405
5702.0  0.00515913
5706.0  0.00460419
5710.0  0.00453718
5714.0  0.00419072
5718.0  0.00426315
5722.0  0.00447553
5726.0  0.00419836
5730.0  0.00406088
5734.0  0.00378311
5738.0  0.00350501
5742.0  0.00350713
5746.0  0.00322852
5750.0  0.00280911
5754.0  0.00281081
5758.0  0.00253126
5762.0  0.00225137
5766.0  0.00211194
5770.0  0.00211322
5774.0  0.00204401
5778.0  0.00176315
5782.0  0.00155251
5786.0  0.00141222
5790.0  0.00176635
5794.0  0.00127254
5798.0  0.00127331
5802.0  0.00127404
5806.0  0.000779015
5810.0  0.000708588
5814.0  0.000708982
5818.0  0.000709375
5822.0  0.000496838
5826.0  0.000355081
5830.0  0.000213167
