# Units:
#  "lambda" is in Angstroms
#  "pass" is the contribution to the detector signal per photon
#
# Bandpass Names(s): i
#
# collected by: Guangtun Zhu
#
# from http://www.ctio.noao.edu/instruments/FILTERS/index.html
#
# on July 11th 2008, NYU:
#
# Note 1: I only include Q.E. between  6540.0 AA and  8996.0 AA
#
# Note 2: It seems the curves didnot include atmospheric extinction. I added it by oke way
#   oke, filter.lambda, 1., 1.3, ext
#   filter.pass=filter.pass*10.^(-0.4*ext)
#
# Note 3: mean CCD response:http://www.ctio.noao.edu/pfccd/mosaic_ccds.html
#




6540.0  0.000216555
6544.0  0.000577384
6548.0  0.00064945
6552.0  0.000505044
6556.0  7.21373e-05
6592.0  0.000144059
6596.0  0.000216053
6600.0  0.000360028
6604.0  0.000359968
6608.0  0.000287926
6612.0  0.000215908
6620.0  0.000215836
6624.0  0.0002158
6628.0  0.000359605
6632.0  0.000503363
6636.0  0.000575175
6640.0  0.000503193
6644.0  0.000503108
6648.0  0.000503023
6652.0  0.000574786
6656.0  0.000574689
6660.0  0.000215472
6664.0  0.000215435
6668.0  0.000287198
6672.0  0.000646086
6676.0  0.000789527
6680.0  0.000789392
6684.0  0.000789258
6688.0  0.000573908
6692.0  0.000430357
6696.0  0.00035857
6700.0  0.000573613
6704.0  0.000645205
6708.0  0.000358386
6712.0  0.000573318
6716.0  0.000931482
6720.0  0.000716402
6724.0  0.000716278
6728.0  0.000716155
6732.0  0.000859237
6736.0  0.00093068
6740.0  0.00128841
6744.0  0.000930358
6748.0  0.0010733
6752.0  0.00135928
6756.0  0.00157363
6760.0  0.00164488
6764.0  0.00207361
6768.0  0.00243071
6772.0  0.0027162
6776.0  0.0030016
6780.0  0.0034298
6784.0  0.00385785
6788.0  0.00442861
6792.0  0.00507058
6796.0  0.00571233
6800.0  0.00613967
6804.0  0.00685239
6808.0  0.00763622
6812.0  0.00863383
6816.0  0.00970243
6820.0  0.010842
6824.0  0.0117672
6828.0  0.0129773
6832.0  0.0142582
6836.0  0.0158951
6840.0  0.0174601
6844.0  0.0197339
6848.0  0.0214439
6852.0  0.0235494
6856.0  0.0250446
6860.0  0.0262076
6864.0  0.0280714
6868.0  0.0300814
6872.0  0.0322759
6876.0  0.0344529
6880.0  0.0374169
6884.0  0.0409943
6888.0  0.0442993
6892.0  0.0479661
6896.0  0.051941
6900.0  0.0557847
6904.0  0.0601486
6908.0  0.0647922
6912.0  0.0694734
6916.0  0.0746114
6920.0  0.0795865
6924.0  0.0854071
6928.0  0.0917316
6932.0  0.0975737
6936.0  0.103134
6940.0  0.108361
6944.0  0.1143
6948.0  0.120048
6952.0  0.125749
6956.0  0.131615
6960.0  0.137511
6964.0  0.144144
6968.0  0.150341
6972.0  0.157036
6976.0  0.163517
6980.0  0.17067
6984.0  0.176576
6988.0  0.182478
6992.0  0.188732
6996.0  0.194771
7000.0  0.200947
7004.0  0.207404
7008.0  0.213292
7012.0  0.219389
7016.0  0.225553
7020.0  0.232139
7024.0  0.238368
7028.0  0.244664
7032.0  0.250887
7036.0  0.256824
7040.0  0.263252
7044.0  0.269324
7048.0  0.276169
7052.0  0.283293
7056.0  0.290272
7060.0  0.297529
7064.0  0.304994
7068.0  0.312174
7072.0  0.319772
7076.0  0.326804
7080.0  0.334395
7084.0  0.341911
7088.0  0.349706
7092.0  0.357637
7096.0  0.365634
7100.0  0.374471
7104.0  0.383584
7108.0  0.392272
7112.0  0.401586
7116.0  0.410265
7120.0  0.41957
7124.0  0.428731
7128.0  0.438027
7132.0  0.447459
7136.0  0.456816
7140.0  0.466098
7144.0  0.475134
7148.0  0.481509
7152.0  0.486981
7156.0  0.49334
7160.0  0.500018
7164.0  0.50152
7168.0  0.501984
7172.0  0.503421
7176.0  0.505262
7180.0  0.50765
7184.0  0.510295
7188.0  0.513995
7192.0  0.519361
7196.0  0.523979
7200.0  0.528233
7204.0  0.535152
7208.0  0.541838
7212.0  0.548392
7216.0  0.555597
7220.0  0.563722
7224.0  0.562246
7228.0  0.560732
7232.0  0.559345
7236.0  0.558091
7240.0  0.556667
7244.0  0.555568
7248.0  0.556861
7252.0  0.557978
7256.0  0.55872
7260.0  0.559812
7264.0  0.560533
7268.0  0.561672
7272.0  0.562311
7276.0  0.56311
7280.0  0.563875
7284.0  0.564542
7288.0  0.565114
7292.0  0.56626
7296.0  0.567058
7300.0  0.568045
7304.0  0.569431
7308.0  0.57063
7312.0  0.572084
7316.0  0.573189
7320.0  0.573995
7324.0  0.575541
7328.0  0.576327
7332.0  0.577445
7336.0  0.579626
7340.0  0.582744
7344.0  0.58249
7348.0  0.581287
7352.0  0.57989
7356.0  0.578163
7360.0  0.577339
7364.0  0.576191
7368.0  0.574926
7372.0  0.573347
7376.0  0.571873
7380.0  0.569974
7384.0  0.567345
7388.0  0.56487
7392.0  0.56293
7396.0  0.56034
7400.0  0.55782
7404.0  0.554959
7408.0  0.551893
7412.0  0.548693
7416.0  0.545425
7420.0  0.541885
7424.0  0.538279
7428.0  0.535498
7432.0  0.532444
7436.0  0.529528
7440.0  0.526889
7444.0  0.524661
7448.0  0.522298
7452.0  0.520347
7456.0  0.518602
7460.0  0.516653
7464.0  0.515183
7468.0  0.514192
7472.0  0.512997
7476.0  0.511802
7480.0  0.511017
7484.0  0.511119
7488.0  0.511358
7492.0  0.510642
7496.0  0.510607
7500.0  0.511117
7504.0  0.511695
7508.0  0.512476
7512.0  0.513257
7516.0  0.514989
7520.0  0.516788
7524.0  0.517838
7528.0  0.519159
7532.0  0.520886
7536.0  0.522951
7540.0  0.524812
7544.0  0.527213
7548.0  0.529477
7552.0  0.532418
7556.0  0.534746
7560.0  0.536531
7564.0  0.526076
7568.0  0.523536
7572.0  0.521642
7576.0  0.520025
7580.0  0.494714
7584.0  0.468557
7588.0  0.450955
7592.0  0.390916
7596.0  0.331553
7600.0  0.29339
7604.0  0.264417
7608.0  0.263101
7612.0  0.269927
7616.0  0.277063
7620.0  0.284344
7624.0  0.292409
7628.0  0.300988
7632.0  0.309869
7636.0  0.319481
7640.0  0.329929
7644.0  0.341822
7648.0  0.355627
7652.0  0.373059
7656.0  0.393878
7660.0  0.420051
7664.0  0.448846
7668.0  0.458903
7672.0  0.470745
7676.0  0.485297
7680.0  0.504426
7684.0  0.520117
7688.0  0.524426
7692.0  0.529714
7696.0  0.536988
7700.0  0.547611
7704.0  0.549869
7708.0  0.551726
7712.0  0.553725
7716.0  0.556154
7720.0  0.558735
7724.0  0.5621
7728.0  0.566215
7732.0  0.571466
7736.0  0.574314
7740.0  0.577159
7744.0  0.580135
7748.0  0.582576
7752.0  0.584882
7756.0  0.587917
7760.0  0.591084
7764.0  0.593782
7768.0  0.597142
7772.0  0.600699
7776.0  0.603788
7780.0  0.606277
7784.0  0.608034
7788.0  0.610055
7792.0  0.61214
7796.0  0.614223
7800.0  0.615643
7804.0  0.616928
7808.0  0.617219
7812.0  0.618171
7816.0  0.618329
7820.0  0.618023
7824.0  0.617056
7828.0  0.616883
7832.0  0.616115
7836.0  0.614753
7840.0  0.613327
7844.0  0.611703
7848.0  0.609354
7852.0  0.607271
7856.0  0.604926
7860.0  0.602978
7864.0  0.600438
7868.0  0.597835
7872.0  0.595562
7876.0  0.59283
7880.0  0.589706
7884.0  0.587569
7888.0  0.585369
7892.0  0.583498
7896.0  0.581169
7900.0  0.57917
7904.0  0.576975
7908.0  0.5757
7912.0  0.573966
7916.0  0.572234
7920.0  0.57142
7924.0  0.57113
7928.0  0.570709
7932.0  0.570288
7936.0  0.570325
7940.0  0.570493
7944.0  0.57177
7948.0  0.572459
7952.0  0.572951
7956.0  0.573834
7960.0  0.575042
7964.0  0.57638
7968.0  0.577716
7972.0  0.579507
7976.0  0.581166
7980.0  0.582889
7984.0  0.584805
7988.0  0.585419
7992.0  0.587462
7996.0  0.590153
8000.0  0.590699
8004.0  0.588463
8008.0  0.585649
8012.0  0.58368
8016.0  0.582813
8020.0  0.582396
8024.0  0.582042
8028.0  0.581365
8032.0  0.580045
8036.0  0.578855
8040.0  0.577281
8044.0  0.575007
8048.0  0.572674
8052.0  0.5706
8056.0  0.568593
8060.0  0.566715
8064.0  0.564525
8068.0  0.561959
8072.0  0.559272
8076.0  0.557095
8080.0  0.554292
8084.0  0.552187
8088.0  0.550273
8092.0  0.548238
8096.0  0.546081
8100.0  0.544053
8104.0  0.542776
8108.0  0.537169
8112.0  0.532835
8116.0  0.529637
8120.0  0.527466
8124.0  0.526322
8128.0  0.524917
8132.0  0.52387
8136.0  0.523329
8140.0  0.523746
8144.0  0.519648
8148.0  0.516552
8152.0  0.51409
8156.0  0.512357
8160.0  0.511748
8164.0  0.511223
8168.0  0.510015
8172.0  0.512091
8176.0  0.515274
8180.0  0.518196
8184.0  0.520699
8188.0  0.522964
8192.0  0.525343
8196.0  0.527521
8200.0  0.529583
8204.0  0.531347
8208.0  0.53242
8212.0  0.529217
8216.0  0.522965
8220.0  0.516715
8224.0  0.510107
8228.0  0.503697
8232.0  0.496815
8236.0  0.494082
8240.0  0.491422
8244.0  0.488867
8248.0  0.486682
8252.0  0.484609
8256.0  0.482826
8260.0  0.481525
8264.0  0.475575
8268.0  0.469645
8272.0  0.464061
8276.0  0.459202
8280.0  0.454617
8284.0  0.452009
8288.0  0.449854
8292.0  0.448044
8296.0  0.446577
8300.0  0.445071
8304.0  0.444623
8308.0  0.445179
8312.0  0.446519
8316.0  0.447822
8320.0  0.449421
8324.0  0.451209
8328.0  0.453353
8332.0  0.455665
8336.0  0.457588
8340.0  0.459973
8344.0  0.461898
8348.0  0.463423
8352.0  0.464232
8356.0  0.464283
8360.0  0.46365
8364.0  0.4628
8368.0  0.461514
8372.0  0.458349
8376.0  0.454056
8380.0  0.448962
8384.0  0.443345
8388.0  0.437099
8392.0  0.43104
8396.0  0.424738
8400.0  0.418192
8404.0  0.412164
8408.0  0.407677
8412.0  0.403762
8416.0  0.401231
8420.0  0.400253
8424.0  0.400203
8428.0  0.401784
8432.0  0.403936
8436.0  0.407283
8440.0  0.411768
8444.0  0.414306
8448.0  0.414754
8452.0  0.412754
8456.0  0.407419
8460.0  0.395913
8464.0  0.379856
8468.0  0.357486
8472.0  0.328526
8476.0  0.29585
8480.0  0.259271
8484.0  0.221272
8488.0  0.185199
8492.0  0.151665
8496.0  0.122631
8500.0  0.0972915
8504.0  0.0764003
8508.0  0.0598791
8512.0  0.0464648
8516.0  0.0366012
8520.0  0.0287789
8524.0  0.0230878
8528.0  0.0182376
8532.0  0.0146309
8536.0  0.0123619
8540.0  0.0105591
8544.0  0.00861186
8548.0  0.00743101
8552.0  0.00645685
8556.0  0.00578878
8560.0  0.00502303
8564.0  0.00466147
8568.0  0.00410134
8572.0  0.00374321
8576.0  0.00328696
8580.0  0.00308112
8584.0  0.00282654
8588.0  0.00277096
8592.0  0.00261684
8596.0  0.00251264
8600.0  0.0023597
8604.0  0.00230551
8608.0  0.00210469
8612.0  0.00219776
8616.0  0.00214421
8620.0  0.00209088
8624.0  0.00203775
8628.0  0.00188802
8632.0  0.00178724
8636.0  0.00168688
8640.0  0.00158695
8644.0  0.00167938
8648.0  0.00157988
8652.0  0.00176742
8656.0  0.00176345
8660.0  0.00152172
8664.0  0.00166063
8668.0  0.00160954
8672.0  0.00155866
8676.0  0.00155513
8680.0  0.00155159
8684.0  0.00150114
8688.0  0.0014041
8692.0  0.00130749
8696.0  0.00144425
8700.0  0.00162686
8704.0  0.0016231
8708.0  0.00157308
8712.0  0.00143095
8716.0  0.00119736
8720.0  0.00151619
8724.0  0.00146681
8728.0  0.00114326
8732.0  0.00114058
8736.0  0.00131996
8740.0  0.00136226
8744.0  0.00135903
8748.0  0.00135581
8752.0  0.00121733
8756.0  0.00112448
8760.0  0.00121153
8764.0  0.00129816
8768.0  0.00147368
8772.0  0.00151468
8776.0  0.00142214
8780.0  0.00141871
8784.0  0.00132681
8788.0  0.00132359
8792.0  0.00132037
8796.0  0.00144886
8800.0  0.00144531
8804.0  0.00131069
8808.0  0.00130747
8812.0  0.00134772
8816.0  0.00138775
8820.0  0.00142757
8824.0  0.00142402
8828.0  0.00137743
8832.0  0.00128811
8836.0  0.00128488
8840.0  0.00119621
8844.0  0.0011932
8848.0  0.0012327
8852.0  0.00127197
8856.0  0.00126875
8860.0  0.00126552
8864.0  0.00105191
8868.0  0.00109118
8872.0  0.00129769
8876.0  0.00137786
8880.0  0.00137431
8884.0  0.00145383
8888.0  0.00145006
8892.0  0.00136365
8896.0  0.00123645
8900.0  0.00102768
8904.0  0.00105911
8908.0  0.00133439
8912.0  0.00132653
8916.0  0.00119956
8920.0  0.00119364
8924.0  0.00126723
8928.0  0.00126149
8932.0  0.00125594
8936.0  0.00128962
8940.0  0.00147876
8944.0  0.00112386
8948.0  0.00104208
8952.0  0.00099944
8956.0  0.000957169
8960.0  0.00114407
8964.0  0.0011587
8968.0  0.00125113
8972.0  0.00116177
8976.0  0.00107602
8980.0  0.000886682
8984.0  0.000912497
8988.0  0.00104243
8992.0  0.00106695
8996.0  0.00119362
