# Narrowband D4000_blue filter
# Generated 06/07/2017 by OGT



3840.10  0
3840.60  0
3841.10  0
3841.60  0
3842.11  0
3842.61  0
3843.11  0
3843.61  0
3844.11  0
3844.61  0
3845.11  0.001
3845.61  0.003
3846.12  0.008
3846.62  0.019
3847.12  0.037
3847.62  0.065
3848.12  0.105
3848.62  0.157
3849.12  0.218
3849.62  0.287
3850.13  0.359
3850.63  0.433
3851.13  0.506
3851.63  0.574
3852.13  0.637
3852.63  0.694
3853.13  0.745
3853.63  0.788
3854.14  0.826
3854.64  0.858
3855.14  0.884
3855.64  0.906
3856.14  0.925
3856.64  0.94
3857.14  0.952
3857.64  0.962
3858.15  0.97
3858.65  0.976
3859.15  0.981
3859.65  0.985
3860.15  0.989
3860.65  0.991
3861.15  0.993
3861.65  0.995
3862.16  0.996
3862.66  0.997
3863.16  0.998
3863.66  0.998
3864.16  0.999
3864.66  0.999
3865.16  0.999
3865.66  0.999
3866.17  1
3866.67  1
3867.17  1
3867.67  1
3868.17  1
3868.67  1
3869.17  1
3869.67  1
3870.18  1
3870.68  1
3871.18  1
3871.68  1
3872.18  1
3872.68  1
3873.18  1
3873.68  1
3874.19  1
3874.69  1
3875.19  1
3875.69  1
3876.19  1
3876.69  1
3877.19  1
3877.69  1
3878.20  1
3878.70  1
3879.20  1
3879.70  1
3880.20  1
3880.70  1
3881.20  1
3881.70  1
3882.21  1
3882.71  1
3883.21  1
3883.71  1
3884.21  1
3884.71  1
3885.21  1
3885.71  1
3886.22  1
3886.72  1
3887.22  1
3887.72  1
3888.22  1
3888.72  1
3889.22  1
3889.72  1
3890.23  1
3890.73  1
3891.23  1
3891.73  1
3892.23  1
3892.73  1
3893.23  1
3893.73  1
3894.24  1
3894.74  1
3895.24  1
3895.74  1
3896.24  1
3896.74  1
3897.24  1
3897.74  1
3898.25  1
3898.75  1
3899.25  1
3899.75  1
3900.25  1
3900.75  1
3901.25  1
3901.75  1
3902.26  1
3902.76  1
3903.26  1
3903.76  1
3904.26  1
3904.76  1
3905.26  1
3905.76  1
3906.27  1
3906.77  1
3907.27  1
3907.77  1
3908.27  1
3908.77  1
3909.27  1
3909.77  1
3910.28  1
3910.78  1
3911.28  1
3911.78  1
3912.28  1
3912.78  1
3913.28  1
3913.78  1
3914.29  1
3914.79  1
3915.29  1
3915.79  1
3916.29  1
3916.79  1
3917.29  1
3917.79  1
3918.30  1
3918.80  1
3919.30  1
3919.80  1
3920.30  1
3920.80  1
3921.30  1
3921.80  1
3922.31  1
3922.81  1
3923.31  1
3923.81  1
3924.31  1
3924.81  1
3925.31  1
3925.81  1
3926.32  1
3926.82  1
3927.32  1
3927.82  1
3928.32  1
3928.82  1
3929.32  1
3929.82  1
3930.33  1
3930.83  1
3931.33  1
3931.83  1
3932.33  1
3932.83  1
3933.33  1
3933.83  1
3934.34  0.999
3934.84  0.999
3935.34  0.999
3935.84  0.999
3936.34  0.998
3936.84  0.998
3937.34  0.997
3937.84  0.996
3938.35  0.995
3938.85  0.993
3939.35  0.991
3939.85  0.989
3940.35  0.985
3940.85  0.981
3941.35  0.976
3941.85  0.97
3942.36  0.962
3942.86  0.952
3943.36  0.94
3943.86  0.925
3944.36  0.906
3944.86  0.884
3945.36  0.858
3945.86  0.826
3946.37  0.788
3946.87  0.745
3947.37  0.694
3947.87  0.637
3948.37  0.574
3948.87  0.506
3949.37  0.433
3949.87  0.359
3950.38  0.287
3950.88  0.218
3951.38  0.157
3951.88  0.105
3952.38  0.065
3952.88  0.037
3953.38  0.019
3953.88  0.008
3954.39  0.003
3954.89  0.001
3955.39  0
3955.89  0
3956.39  0
3956.89  0
3957.39  0
3957.89  0
3958.40  0
3958.90  0
3959.40  0
3959.90  0
