# Narrowband Halpha filter
# Generated 06/07/2017 by OGT



6526.0  0
6527.5  0
6529.0  0.003
6530.5  0.078
6532.0  0.35
6533.5  0.661
6535.1  0.856
6536.6  0.946
6538.1  0.981
6539.6  0.994
6541.1  0.998
6542.6  1
6544.1  1
6545.6  1
6547.1  1
6548.6  1
6550.1  1
6551.6  1
6553.1  1
6554.6  1
6556.1  1
6557.6  1
6559.1  1
6560.6  1
6562.1  1
6563.6  1
6565.1  1
6566.6  1
6568.1  1
6569.7  1
6571.2  1
6572.7  1
6574.2  1
6575.7  1
6577.2  1
6578.7  1
6580.2  1
6581.7  1
6583.2  1
6584.7  1
6586.2  1
6587.7  1
6589.2  0.998
6590.7  0.994
6592.2  0.981
6593.7  0.946
6595.2  0.856
6596.7  0.661
6598.2  0.35
6599.8  0.078
6601.2  0.003
6602.8  0
6604.3  0
