# Units:
#  "lambda" is in Angstroms
#  "pass" is the contribution to the detector signal per photon
#
# Bandpass Names(s): z
#
# collected by: Guangtun Zhu
#
# from http://www.ctio.noao.edu/instruments/FILTERS/index.html
#
# on July 11th 2008, NYU:
#
# Note 1: I only include Q.E. between  7532.0 AA and 10994.0 AA
#
# Note 2: It seems the curves didnot include atmospheric extinction. I added it by oke way
#   oke, filter.lambda, 1., 1.3, ext
#   filter.pass=filter.pass*10.^(-0.4*ext)
#
# Note 3: mean CCD response:http://www.ctio.noao.edu/pfccd/mosaic_ccds.html
#




7532.0  0.000135842
7538.0  0.000135773
7568.0  0.000131048
7610.0  6.4794e-05
7682.0  6.25941e-05
7688.0  0.000253132
7694.0  6.41744e-05
7706.0  0.000197321
7712.0  0.000527043
7718.0  0.000330069
7724.0  0.000264798
7736.0  6.66644e-05
7742.0  0.000133252
7748.0  0.000199763
7754.0  0.000133099
7760.0  0.000133022
7766.0  0.000265891
7772.0  6.64343e-05
7778.0  0.000199188
7784.0  0.000331788
7790.0  0.000530553
7796.0  0.000265123
7808.0  0.000264815
7814.0  0.000926316
7820.0  0.000198381
7826.0  0.000396531
7832.0  0.000660501
7838.0  0.00105619
7844.0  0.000989597
7850.0  0.00118682
7856.0  0.0017133
7862.0  0.00270016
7868.0  0.00256694
7874.0  0.00217076
7880.0  0.00262968
7886.0  0.00315376
7892.0  0.00295492
7898.0  0.0027563
7904.0  0.00327939
7910.0  0.0034741
7916.0  0.00406165
7922.0  0.00451756
7928.0  0.00458033
7934.0  0.0048392
7940.0  0.00555526
7946.0  0.00587856
7952.0  0.00607092
7958.0  0.00671972
7964.0  0.00756335
7970.0  0.00781952
7976.0  0.00866149
7982.0  0.00989296
7988.0  0.011123
7994.0  0.0114414
8000.0  0.0123441
8006.0  0.012898
8012.0  0.0136431
8018.0  0.0150941
8024.0  0.0160874
8030.0  0.0168832
8036.0  0.0185075
8042.0  0.0201237
8048.0  0.0219867
8054.0  0.0237133
8060.0  0.0252409
8066.0  0.0266975
8072.0  0.0291564
8078.0  0.0309103
8084.0  0.0329692
8090.0  0.035456
8096.0  0.0376801
8102.0  0.0403291
8108.0  0.0432942
8114.0  0.0460078
8120.0  0.0487385
8126.0  0.0512373
8132.0  0.0546881
8138.0  0.0584144
8144.0  0.0614385
8150.0  0.0644405
8156.0  0.0674274
8162.0  0.0710978
8168.0  0.0749677
8174.0  0.0798352
8180.0  0.0846103
8186.0  0.0893808
8192.0  0.0946102
8198.0  0.0999262
8204.0  0.106156
8210.0  0.113141
8216.0  0.117014
8222.0  0.12095
8228.0  0.125609
8234.0  0.130696
8240.0  0.137646
8246.0  0.14478
8252.0  0.152064
8258.0  0.160271
8264.0  0.166982
8270.0  0.172597
8276.0  0.179058
8282.0  0.185159
8288.0  0.191883
8294.0  0.199427
8300.0  0.206528
8306.0  0.212753
8312.0  0.219039
8318.0  0.226103
8324.0  0.232693
8330.0  0.240022
8336.0  0.247571
8342.0  0.254158
8348.0  0.260727
8354.0  0.267569
8360.0  0.274228
8366.0  0.280932
8372.0  0.288018
8378.0  0.294284
8384.0  0.298952
8390.0  0.303825
8396.0  0.311232
8402.0  0.316141
8408.0  0.321754
8414.0  0.328137
8420.0  0.332793
8426.0  0.337267
8432.0  0.341944
8438.0  0.347154
8444.0  0.352338
8450.0  0.356172
8456.0  0.360931
8462.0  0.364703
8468.0  0.368656
8474.0  0.372894
8480.0  0.377203
8486.0  0.381479
8492.0  0.384576
8498.0  0.387232
8504.0  0.389399
8510.0  0.392575
8516.0  0.395622
8522.0  0.398847
8528.0  0.400562
8534.0  0.402666
8540.0  0.404749
8546.0  0.407417
8552.0  0.408547
8558.0  0.409511
8564.0  0.411863
8570.0  0.413093
8576.0  0.413958
8582.0  0.415801
8588.0  0.417425
8594.0  0.418587
8600.0  0.420665
8606.0  0.420957
8612.0  0.421824
8618.0  0.422433
8624.0  0.422883
8630.0  0.423658
8636.0  0.423841
8642.0  0.424013
8648.0  0.424989
8654.0  0.424993
8660.0  0.424798
8666.0  0.425779
8672.0  0.426129
8678.0  0.426561
8684.0  0.427308
8690.0  0.427012
8696.0  0.425822
8702.0  0.425187
8708.0  0.424038
8714.0  0.4233
8720.0  0.423201
8726.0  0.422039
8732.0  0.421604
8738.0  0.420843
8744.0  0.419262
8750.0  0.419171
8756.0  0.41925
8762.0  0.418779
8768.0  0.418747
8774.0  0.419861
8780.0  0.419582
8786.0  0.416997
8792.0  0.414991
8798.0  0.414129
8804.0  0.413349
8810.0  0.412868
8816.0  0.411858
8822.0  0.410543
8828.0  0.41
8834.0  0.408849
8840.0  0.407738
8846.0  0.407687
8852.0  0.406438
8858.0  0.403961
8864.0  0.403091
8870.0  0.402257
8876.0  0.400832
8882.0  0.399614
8888.0  0.398394
8894.0  0.397336
8900.0  0.395986
8906.0  0.390755
8912.0  0.387226
8918.0  0.384453
8924.0  0.382624
8930.0  0.380282
8936.0  0.378445
8942.0  0.37696
8948.0  0.374647
8954.0  0.372352
8960.0  0.369839
8966.0  0.359316
8972.0  0.352345
8978.0  0.346432
8984.0  0.341379
8990.0  0.336641
8996.0  0.332201
9002.0  0.330867
9008.0  0.330993
9014.0  0.330452
9020.0  0.329081
9026.0  0.332541
9032.0  0.337597
9038.0  0.344495
9044.0  0.35767
9050.0  0.356219
9056.0  0.35415
9062.0  0.344274
9068.0  0.336849
9074.0  0.330417
9080.0  0.326979
9086.0  0.324443
9092.0  0.321985
9098.0  0.320258
9104.0  0.319284
9110.0  0.317789
9116.0  0.316166
9122.0  0.313651
9128.0  0.312709
9134.0  0.312174
9140.0  0.310402
9146.0  0.30782
9152.0  0.306467
9158.0  0.305889
9164.0  0.306073
9170.0  0.305028
9176.0  0.304566
9182.0  0.30542
9188.0  0.306535
9194.0  0.306431
9200.0  0.307476
9206.0  0.308771
9212.0  0.310381
9218.0  0.306913
9224.0  0.297238
9230.0  0.293469
9236.0  0.294566
9242.0  0.295273
9248.0  0.296462
9254.0  0.296296
9260.0  0.293357
9266.0  0.291823
9272.0  0.289924
9278.0  0.288398
9284.0  0.286364
9290.0  0.269147
9296.0  0.244362
9302.0  0.228528
9308.0  0.21622
9314.0  0.207301
9320.0  0.198244
9326.0  0.189578
9332.0  0.182588
9338.0  0.175806
9344.0  0.169701
9350.0  0.16619
9356.0  0.168269
9362.0  0.170299
9368.0  0.172479
9374.0  0.174741
9380.0  0.177033
9386.0  0.18822
9392.0  0.215284
9398.0  0.213858
9404.0  0.213836
9410.0  0.216924
9416.0  0.214329
9422.0  0.208245
9428.0  0.201818
9434.0  0.19614
9440.0  0.190349
9446.0  0.184928
9452.0  0.181743
9458.0  0.18112
9464.0  0.181317
9470.0  0.180338
9476.0  0.179109
9482.0  0.178659
9488.0  0.179443
9494.0  0.17937
9500.0  0.178553
9506.0  0.177673
9512.0  0.177895
9518.0  0.177978
9524.0  0.177507
9530.0  0.177645
9536.0  0.177159
9542.0  0.176124
9548.0  0.175918
9554.0  0.177224
9560.0  0.178345
9566.0  0.177571
9572.0  0.17788
9578.0  0.177076
9584.0  0.175901
9590.0  0.176246
9596.0  0.176549
9602.0  0.17615
9608.0  0.176045
9614.0  0.176429
9620.0  0.176639
9626.0  0.176162
9632.0  0.177043
9638.0  0.176621
9644.0  0.176693
9650.0  0.1773
9656.0  0.176257
9662.0  0.176078
9668.0  0.17605
9674.0  0.1762
9680.0  0.178043
9686.0  0.178234
9692.0  0.178688
9698.0  0.180094
9704.0  0.184067
9710.0  0.188494
9716.0  0.186548
9722.0  0.18549
9728.0  0.183492
9734.0  0.181463
9740.0  0.180574
9746.0  0.179002
9752.0  0.176622
9758.0  0.174877
9764.0  0.172888
9770.0  0.171953
9776.0  0.170952
9782.0  0.168742
9788.0  0.167017
9794.0  0.16568
9800.0  0.164487
9806.0  0.162347
9812.0  0.161097
9818.0  0.159162
9824.0  0.157871
9830.0  0.156289
9836.0  0.153706
9842.0  0.15238
9848.0  0.150909
9854.0  0.149057
9860.0  0.147928
9866.0  0.147305
9872.0  0.145501
9878.0  0.143065
9884.0  0.141634
9890.0  0.139632
9896.0  0.137415
9902.0  0.135917
9908.0  0.134757
9914.0  0.133612
9920.0  0.131523
9926.0  0.129682
9932.0  0.128496
9938.0  0.126015
9944.0  0.124076
9950.0  0.123157
9956.0  0.121183
9962.0  0.11979
9968.0  0.118499
9974.0  0.116477
9980.0  0.114839
9986.0  0.113259
9992.0  0.111496
9998.0  0.109356
10004.0  0.107552
10010.0  0.10662
10016.0  0.105774
10022.0  0.103579
10028.0  0.101588
10034.0  0.100076
10040.0  0.0978101
10046.0  0.0959983
10052.0  0.0946483
10058.0  0.0934035
10064.0  0.092155
10070.0  0.0904614
10076.0  0.0892121
10082.0  0.087373
10088.0  0.0852458
10094.0  0.0834103
10100.0  0.0821683
10106.0  0.0802966
10112.0  0.0781857
10118.0  0.07744
10124.0  0.0759339
10130.0  0.073669
10136.0  0.0722276
10142.0  0.0710448
10148.0  0.0694334
10154.0  0.0676835
10160.0  0.065805
10166.0  0.0638601
10172.0  0.0625434
10178.0  0.0613912
10184.0  0.0590652
10190.0  0.0573648
10196.0  0.0558003
10202.0  0.054377
10208.0  0.052829
10214.0  0.0508797
10220.0  0.0490469
10226.0  0.0476435
10232.0  0.046363
10238.0  0.0445533
10244.0  0.0431385
10250.0  0.041307
10256.0  0.0393938
10262.0  0.0375706
10268.0  0.0360077
10274.0  0.0348935
10280.0  0.0327494
10286.0  0.0313404
10292.0  0.0301139
10298.0  0.0281535
10304.0  0.0263209
10310.0  0.025064
10316.0  0.0234151
10322.0  0.0214774
10328.0  0.020015
10334.0  0.0183697
10340.0  0.0168753
10346.0  0.0154058
10352.0  0.0137473
10358.0  0.012049
10364.0  0.0103833
10370.0  0.00888487
10376.0  0.007118
10382.0  0.00555373
10388.0  0.00393047
10394.0  0.00232719
10400.0  0.000739179
10406.0  0.000300322
10412.0  0
10418.0  0
10424.0  0
10430.0  0
10436.0  0
10442.0  0
10448.0  0
10454.0  0
10460.0  0
10466.0  0
10472.0  0
10478.0  0
10484.0  0
10490.0  0
10496.0  0
10502.0  0
10508.0  0
10514.0  0
10520.0  0
10526.0  0
10532.0  0
10538.0  0
10544.0  0
10550.0  0
10556.0  0
10562.0  0
10568.0  0
10574.0  0
10580.0  0
10586.0  0
10592.0  0
10598.0  0
10604.0  0
10610.0  0
10616.0  0
10622.0  0
10628.0  0
10634.0  0
10640.0  0
10646.0  0
10652.0  0
10658.0  0
10664.0  0
10670.0  0
10676.0  0
10682.0  0
10688.0  0
10694.0  0
10700.0  0
10706.0  0
10712.0  0
10718.0  0
10724.0  0
10730.0  0
10736.0  0
10742.0  0
10748.0  0
10754.0  0
10760.0  0
10766.0  0
10772.0  0
10778.0  0
10784.0  0
10790.0  0
10796.0  0
10802.0  0
10808.0  0
10814.0  0
10820.0  0
10826.0  0
10832.0  0
10838.0  0
10844.0  0
10850.0  0
10856.0  0
10862.0  0
10868.0  0
10874.0  0
10880.0  0
10886.0  0
10892.0  0
10898.0  0
10904.0  0
10910.0  0
10916.0  0
10922.0  0
10928.0  0
10934.0  0
10940.0  0
10946.0  0
10952.0  0
10958.0  0
10964.0  0
10970.0  0
10976.0  0
10982.0  0
10988.0  0
10994.0  0
