# Units:
#  "lambda" is in Angstroms
#  "pass" is the contribution to the detector signal per photon
#
# Bandpass Names(s): g
#
# collected by: Guangtun Zhu
#
# from http://www.ctio.noao.edu/instruments/FILTERS/index.html
#
# on July 11th 2008, NYU:
#
# Note 1: I only include Q.E. between  3504.0 AA and  5980.0 AA
#
# Note 2: It seems the curves didnot include atmospheric extinction. I added it by oke way
#   oke, filter.lambda, 1., 1.3, ext
#   filter.pass=filter.pass*10.^(-0.4*ext)
#
# Note 3: mean CCD response:http://www.ctio.noao.edu/pfccd/mosaic_ccds.html
#




3504.0  0.00068612
3508.0  0.000647703
3512.0  0.000591487
3516.0  0.000550082
3520.0  0.000507284
3524.0  0.00044593
3528.0  0.000400066
3532.0  0.000335133
3536.0  0.000286149
3540.0  0.000235709
3544.0  0.0001838
3548.0  0.000223559
3552.0  0.000226575
3556.0  0.00019134
3560.0  0.000135717
3564.0  0.000176793
3568.0  9.95032e-05
3572.0  8.06362e-05
3576.0  0.000102094
3580.0  0.000103401
3584.0  0.000209429
3588.0  0.000190864
3592.0  0.000128837
3596.0  0.000282619
3600.0  0.000330128
3604.0  0.000333987
3608.0  0.000337864
3612.0  0.000318975
3616.0  0.000299582
3620.0  0.000279682
3624.0  0.000282841
3628.0  0.000286015
3632.0  0.000385604
3636.0  0.000268039
3640.0  0.000246353
3644.0  0.000273951
3648.0  0.000402803
3652.0  0.00045714
3656.0  0.000357963
3660.0  0.000463348
3664.0  0.000336896
3668.0  0.000313072
3672.0  0.000262643
3676.0  0.0002644
3680.0  0.000346014
3684.0  0.000348318
3688.0  0.000350631
3692.0  0.000298653
3696.0  0.000273297
3700.0  0.000357628
3704.0  0.000359876
3708.0  0.000417846
3712.0  0.00042046
3716.0  0.000423083
3720.0  0.00051086
3724.0  0.000456917
3728.0  0.000316076
3732.0  0.000260206
3736.0  0.00046544
3740.0  0.000526839
3744.0  0.000530071
3748.0  0.000474058
3752.0  0.000536571
3756.0  0.000509848
3760.0  0.000512947
3764.0  0.000546413
3768.0  0.000397018
3772.0  0.00036869
3776.0  0.00037091
3780.0  0.000404232
3784.0  0.000375374
3788.0  0.000566428
3792.0  0.000633119
3796.0  0.000509511
3800.0  0.000416436
3804.0  0.000418784
3808.0  0.000518325
3812.0  0.000684119
3816.0  0.000720709
3820.0  0.000724735
3824.0  0.000629396
3828.0  0.000566275
3832.0  0.000569416
3836.0  0.00067361
3840.0  0.000914396
3844.0  0.0010897
3848.0  0.00154082
3852.0  0.00175584
3856.0  0.00197316
3860.0  0.00229719
3864.0  0.00255468
3868.0  0.00309636
3872.0  0.00353769
3876.0  0.00391254
3880.0  0.00411249
3884.0  0.00456611
3888.0  0.00531362
3892.0  0.00617801
3896.0  0.00719759
3900.0  0.008889
3904.0  0.0109653
3908.0  0.0138791
3912.0  0.0172326
3916.0  0.0214821
3920.0  0.0263396
3924.0  0.0313215
3928.0  0.0358202
3932.0  0.0397129
3936.0  0.0421825
3940.0  0.043864
3944.0  0.0447452
3948.0  0.0450873
3952.0  0.0453135
3956.0  0.0456587
3960.0  0.0462435
3964.0  0.0477883
3968.0  0.0506275
3972.0  0.0542978
3976.0  0.0592152
3980.0  0.065723
3984.0  0.0739259
3988.0  0.0831509
3992.0  0.0937833
3996.0  0.104973
4000.0  0.115811
4004.0  0.125748
4008.0  0.133376
4012.0  0.139045
4016.0  0.141624
4020.0  0.141369
4024.0  0.139483
4028.0  0.136845
4032.0  0.133834
4036.0  0.130879
4040.0  0.128982
4044.0  0.128682
4048.0  0.130134
4052.0  0.133156
4056.0  0.137621
4060.0  0.143564
4064.0  0.15166
4068.0  0.161343
4072.0  0.172533
4076.0  0.184259
4080.0  0.196926
4084.0  0.209105
4088.0  0.220121
4092.0  0.228212
4096.0  0.233406
4100.0  0.236091
4104.0  0.236263
4108.0  0.234122
4112.0  0.230293
4116.0  0.225993
4120.0  0.221631
4124.0  0.218074
4128.0  0.215143
4132.0  0.213667
4136.0  0.213837
4140.0  0.215573
4144.0  0.218789
4148.0  0.223679
4152.0  0.230206
4156.0  0.238055
4160.0  0.246769
4164.0  0.256352
4168.0  0.265783
4172.0  0.275295
4176.0  0.283953
4180.0  0.291142
4184.0  0.29676
4188.0  0.300186
4192.0  0.301596
4196.0  0.301452
4200.0  0.299508
4204.0  0.296389
4208.0  0.292735
4212.0  0.288688
4216.0  0.285244
4220.0  0.282073
4224.0  0.2798
4228.0  0.278954
4232.0  0.278729
4236.0  0.279607
4240.0  0.281259
4244.0  0.284363
4248.0  0.288299
4252.0  0.293022
4256.0  0.298295
4260.0  0.30378
4264.0  0.309917
4268.0  0.315781
4272.0  0.321616
4276.0  0.326639
4280.0  0.331042
4284.0  0.334181
4288.0  0.335904
4292.0  0.336794
4296.0  0.337192
4300.0  0.336947
4304.0  0.336438
4308.0  0.335578
4312.0  0.334715
4316.0  0.334197
4320.0  0.334075
4324.0  0.334002
4328.0  0.334578
4332.0  0.335806
4336.0  0.337739
4340.0  0.34023
4344.0  0.343533
4348.0  0.347199
4352.0  0.35138
4356.0  0.355674
4360.0  0.35993
4364.0  0.364452
4368.0  0.368987
4372.0  0.37318
4376.0  0.376671
4380.0  0.379407
4384.0  0.381996
4388.0  0.383927
4392.0  0.385197
4396.0  0.385853
4400.0  0.386201
4404.0  0.386203
4408.0  0.385689
4412.0  0.385068
4416.0  0.385066
4420.0  0.38501
4424.0  0.385629
4428.0  0.385677
4432.0  0.386452
4436.0  0.387855
4440.0  0.390357
4444.0  0.392709
4448.0  0.395538
4452.0  0.398689
4456.0  0.402688
4460.0  0.406541
4464.0  0.410561
4468.0  0.414593
4472.0  0.418741
4476.0  0.422001
4480.0  0.424687
4484.0  0.427008
4488.0  0.429016
4492.0  0.430551
4496.0  0.431342
4500.0  0.431601
4504.0  0.431243
4508.0  0.430562
4512.0  0.428968
4516.0  0.42753
4520.0  0.426087
4524.0  0.423994
4528.0  0.421949
4532.0  0.420815
4536.0  0.419839
4540.0  0.418968
4544.0  0.418148
4548.0  0.417867
4552.0  0.418127
4556.0  0.418659
4560.0  0.42017
4564.0  0.422665
4568.0  0.425383
4572.0  0.428053
4576.0  0.431167
4580.0  0.434835
4584.0  0.438785
4588.0  0.442635
4592.0  0.446329
4596.0  0.449977
4600.0  0.453247
4604.0  0.456448
4608.0  0.459269
4612.0  0.462152
4616.0  0.464764
4620.0  0.466828
4624.0  0.46834
4628.0  0.469356
4632.0  0.469872
4636.0  0.470444
4640.0  0.470571
4644.0  0.470697
4648.0  0.470432
4652.0  0.470109
4656.0  0.469393
4660.0  0.468786
4664.0  0.468289
4668.0  0.468746
4672.0  0.469091
4676.0  0.468928
4680.0  0.46916
4684.0  0.469278
4688.0  0.470018
4692.0  0.471269
4696.0  0.472465
4700.0  0.47355
4704.0  0.474875
4708.0  0.476545
4712.0  0.478331
4716.0  0.480178
4720.0  0.482314
4724.0  0.484682
4728.0  0.486769
4732.0  0.48886
4736.0  0.490954
4740.0  0.493513
4744.0  0.495558
4748.0  0.497377
4752.0  0.498911
4756.0  0.500621
4760.0  0.502046
4764.0  0.503646
4768.0  0.505134
4772.0  0.506392
4776.0  0.50771
4780.0  0.509031
4784.0  0.510179
4788.0  0.511329
4792.0  0.512189
4796.0  0.512293
4800.0  0.512746
4804.0  0.513174
4808.0  0.513837
4812.0  0.51415
4816.0  0.513875
4820.0  0.514011
4824.0  0.514205
4828.0  0.514104
4832.0  0.51412
4836.0  0.514195
4840.0  0.513679
4844.0  0.513515
4848.0  0.513351
4852.0  0.512475
4856.0  0.511477
4860.0  0.512138
4864.0  0.512741
4868.0  0.513285
4872.0  0.512877
4876.0  0.512705
4880.0  0.512712
4884.0  0.512658
4888.0  0.512783
4892.0  0.513445
4896.0  0.514229
4900.0  0.514833
4904.0  0.515784
4908.0  0.516857
4912.0  0.51781
4916.0  0.518825
4920.0  0.519961
4924.0  0.521823
4928.0  0.523265
4932.0  0.52477
4936.0  0.526579
4940.0  0.528089
4944.0  0.529721
4948.0  0.530932
4952.0  0.532205
4956.0  0.533358
4960.0  0.534513
4964.0  0.535913
4968.0  0.53695
4972.0  0.53817
4976.0  0.539026
4980.0  0.539822
4984.0  0.540618
4988.0  0.541294
4992.0  0.54197
4996.0  0.542769
5000.0  0.543079
5004.0  0.543656
5008.0  0.543804
5012.0  0.543951
5016.0  0.544714
5020.0  0.5456
5024.0  0.546364
5028.0  0.547006
5032.0  0.547648
5036.0  0.548538
5040.0  0.549244
5044.0  0.550445
5048.0  0.551586
5052.0  0.552853
5056.0  0.55381
5060.0  0.554458
5064.0  0.554796
5068.0  0.555507
5072.0  0.556344
5076.0  0.556869
5080.0  0.557145
5084.0  0.557672
5088.0  0.557948
5092.0  0.558037
5096.0  0.558314
5100.0  0.558089
5104.0  0.557675
5108.0  0.557198
5112.0  0.556656
5116.0  0.556113
5120.0  0.555379
5124.0  0.554896
5128.0  0.554285
5132.0  0.554178
5136.0  0.553375
5140.0  0.552697
5144.0  0.552143
5148.0  0.551842
5152.0  0.551539
5156.0  0.551362
5160.0  0.551375
5164.0  0.551387
5168.0  0.55159
5172.0  0.551665
5176.0  0.552057
5180.0  0.55245
5184.0  0.553481
5188.0  0.55464
5192.0  0.555929
5196.0  0.556835
5200.0  0.557806
5204.0  0.558547
5208.0  0.559544
5212.0  0.560479
5216.0  0.561029
5220.0  0.561452
5224.0  0.561104
5228.0  0.561012
5232.0  0.561112
5236.0  0.561019
5240.0  0.560539
5244.0  0.559735
5248.0  0.559316
5252.0  0.558832
5256.0  0.558476
5260.0  0.557796
5264.0  0.557114
5268.0  0.556237
5272.0  0.556201
5276.0  0.556164
5280.0  0.555802
5284.0  0.556153
5288.0  0.5567
5292.0  0.557638
5296.0  0.558381
5300.0  0.558473
5304.0  0.559478
5308.0  0.56081
5312.0  0.562405
5316.0  0.56361
5320.0  0.565013
5324.0  0.565697
5328.0  0.566251
5332.0  0.566805
5336.0  0.567556
5340.0  0.567914
5344.0  0.56755
5348.0  0.566987
5352.0  0.566555
5356.0  0.565462
5360.0  0.563577
5364.0  0.562085
5368.0  0.560326
5372.0  0.558035
5376.0  0.556204
5380.0  0.554567
5384.0  0.552729
5388.0  0.550955
5392.0  0.548978
5396.0  0.54733
5400.0  0.545944
5404.0  0.544384
5408.0  0.54209
5412.0  0.539992
5416.0  0.537558
5420.0  0.533522
5424.0  0.528413
5428.0  0.522564
5432.0  0.516172
5436.0  0.507968
5440.0  0.498617
5444.0  0.487581
5448.0  0.475994
5452.0  0.462917
5456.0  0.449153
5460.0  0.433426
5464.0  0.415596
5468.0  0.395997
5472.0  0.373414
5476.0  0.348986
5480.0  0.323044
5484.0  0.295586
5488.0  0.267889
5492.0  0.2382
5496.0  0.206852
5500.0  0.17499
5504.0  0.144368
5508.0  0.117897
5512.0  0.0936903
5516.0  0.0724976
5520.0  0.0545279
5524.0  0.0412112
5528.0  0.0312681
5532.0  0.0238908
5536.0  0.0183375
5540.0  0.01434
5544.0  0.0105411
5548.0  0.00837043
5552.0  0.00633306
5556.0  0.0051107
5560.0  0.00375033
5564.0  0.00313872
5568.0  0.00259458
5572.0  0.00245965
5576.0  0.0021878
5580.0  0.00184718
5584.0  0.00157457
5588.0  0.00157561
5592.0  0.001371
5596.0  0.00123472
5600.0  0.00089233
5604.0  0.000892877
5608.0  0.0008247
5612.0  0.000756438
5616.0  0.00089452
5620.0  0.000688514
5624.0  0.000688936
5628.0  0.000689357
5632.0  0.000689779
5636.0  0.000690201
5640.0  0.000690622
5644.0  0.000691045
5648.0  0.00082976
5652.0  0.000761078
5656.0  0.000692312
5660.0  0.000554188
5664.0  0.000693158
5668.0  0.000554864
5672.0  0.000485803
5676.0  0.000694427
5680.0  0.000486395
5684.0  0.000556219
5688.0  0.000626128
5692.0  0.000556897
5696.0  0.000557235
5700.0  0.00020909
5704.0  0.000209218
5708.0  0.000488471
5712.0  0.000488768
5716.0  0.000349332
5728.0  6.99939e-05
5732.0  0.000210109
5740.0  0.000350607
5800.0  0.000141521
5900.0  0.00035873
5908.0  0.000215475
5912.0  0.000215594
5920.0  0.000143887
5936.0  0.000144204
5972.0  0.000144918
5976.0  0.000362492
5980.0  0.000145076
