# Units:
#  "lambda" is in Angstroms
#  "pass" is the contribution to the detector signal per photon
#
# Bandpass Names(s): R
#
# collected by: Guangtun Zhu
#
# from http://www.ctio.noao.edu/instruments/FILTERS/index.html
#
# on July 2nd 2008, NYU:
#
# Note 1: I only include Q.E. between  5317.1 AA and  9744.0 AA
#
# Note 2: It seems the curves didnot include atmospheric extinction. I added it by oke way
#   oke, filter.lambda, 1., 1.3, ext
#   filter.pass=filter.pass*10.^(-0.4*ext)
#
# Note 3: mean CCD response:http://www.ctio.noao.edu/pfccd/mosaic_ccds.html
#




5317.1  0.000130749
5323.1  0.000130896
5329.1  0.000131043
5335.1  0.00013119
5353.1  0.000197446
5359.2  0.00013178
5377.2  6.61114e-05
5383.2  0.000264741
5395.2  0.000132666
5401.2  0.000332028
5407.2  0.000332363
5413.2  0.000133079
5419.2  0.000266425
5425.2  0.000333367
5431.2  0.000333702
5437.2  0.000400845
5443.2  0.000401247
5449.3  0.000468599
5491.3  0.00074155
5497.3  0.00114718
5503.3  0.00135097
5509.3  0.00135232
5515.3  0.00169209
5521.3  0.00216804
5527.3  0.00298402
5533.3  0.00359798
5539.4  0.004553
5545.4  0.00578195
5551.4  0.00721761
5557.4  0.0096785
5563.4  0.012076
5569.4  0.0152979
5575.4  0.0190046
5581.4  0.0240189
5587.4  0.0297281
5593.4  0.0367513
5599.4  0.0447493
5605.4  0.0542024
5611.4  0.0650477
5617.4  0.0769452
5623.4  0.0902423
5629.5  0.10522
5635.5  0.121052
5641.5  0.13788
5647.5  0.155706
5653.5  0.17405
5659.5  0.192843
5665.5  0.212501
5671.5  0.232196
5677.5  0.252135
5683.5  0.27197
5689.5  0.291425
5695.5  0.310914
5701.5  0.329392
5707.5  0.347207
5713.5  0.364355
5719.6  0.380561
5725.6  0.395601
5731.6  0.410879
5737.6  0.424781
5743.6  0.438007
5749.6  0.449781
5755.6  0.461014
5761.6  0.471915
5767.6  0.482343
5773.6  0.49152
5779.6  0.500079
5785.6  0.508299
5791.6  0.51505
5797.6  0.522095
5803.6  0.528421
5809.7  0.534395
5815.7  0.539733
5821.7  0.54437
5827.7  0.549156
5833.7  0.553381
5839.7  0.55754
5845.7  0.560852
5851.7  0.563669
5857.7  0.566919
5863.7  0.570102
5869.7  0.57236
5875.7  0.574336
5881.7  0.575671
5887.7  0.577866
5893.7  0.57942
5899.8  0.58127
5905.8  0.582253
5911.8  0.583094
5917.8  0.584438
5923.8  0.585784
5929.8  0.586987
5935.8  0.588553
5941.8  0.589615
5947.8  0.589812
5953.8  0.590803
5959.8  0.591579
5965.8  0.592572
5971.8  0.593204
5977.8  0.593764
5983.8  0.594687
5989.9  0.595473
5995.9  0.594871
6001.9  0.595164
6007.9  0.595036
6013.9  0.59418
6019.9  0.594051
6025.9  0.593414
6031.9  0.592486
6037.9  0.591558
6043.9  0.590776
6049.9  0.590501
6055.9  0.589792
6061.9  0.588356
6067.9  0.587502
6073.9  0.586793
6079.9  0.586156
6086.0  0.5853
6092.0  0.584808
6098.0  0.584099
6104.0  0.583329
6110.0  0.582384
6116.0  0.581873
6122.0  0.581724
6128.0  0.581285
6134.0  0.580266
6140.0  0.579392
6146.0  0.578445
6152.0  0.577208
6158.0  0.576406
6164.0  0.574807
6170.0  0.573569
6176.1  0.572622
6182.1  0.571674
6188.1  0.570581
6194.1  0.569778
6200.1  0.568394
6206.1  0.56736
6212.1  0.566325
6218.1  0.56529
6224.1  0.564328
6230.1  0.563945
6236.1  0.563272
6242.1  0.561947
6248.1  0.55968
6254.1  0.556254
6260.1  0.554784
6266.2  0.554255
6272.2  0.553364
6278.2  0.552545
6284.2  0.551727
6290.2  0.550039
6296.2  0.548641
6302.2  0.547242
6308.2  0.546496
6314.2  0.545604
6320.2  0.54406
6326.2  0.542372
6332.2  0.541046
6338.2  0.540154
6344.2  0.539334
6350.2  0.538369
6356.3  0.537114
6362.3  0.53586
6368.3  0.534533
6374.3  0.533279
6380.3  0.531879
6386.3  0.530624
6392.3  0.529514
6398.3  0.528042
6404.3  0.526498
6410.3  0.525098
6416.3  0.523481
6422.3  0.522154
6428.3  0.521044
6434.3  0.519933
6440.3  0.517954
6446.4  0.516699
6452.4  0.515443
6458.4  0.513754
6464.4  0.512353
6470.4  0.510953
6476.4  0.50977
6482.4  0.507574
6488.4  0.506102
6494.4  0.505135
6500.4  0.503367
6506.4  0.501653
6512.4  0.500085
6518.4  0.498228
6524.4  0.496445
6530.4  0.494806
6536.5  0.493743
6542.5  0.49225
6548.5  0.490613
6554.5  0.488977
6560.5  0.487124
6566.5  0.485633
6572.5  0.484071
6578.5  0.482077
6584.5  0.480011
6590.5  0.47845
6596.5  0.476314
6602.5  0.475043
6608.5  0.47334
6614.5  0.471782
6620.5  0.470224
6626.6  0.468737
6632.6  0.466318
6638.6  0.464547
6644.6  0.462776
6650.6  0.46115
6656.6  0.459955
6662.6  0.458115
6668.6  0.456275
6674.6  0.454364
6680.6  0.452526
6686.6  0.450473
6692.6  0.448636
6698.6  0.446943
6704.6  0.44518
6710.6  0.443345
6716.7  0.441868
6722.7  0.439676
6728.7  0.437271
6734.7  0.435368
6740.7  0.433537
6746.7  0.432137
6752.7  0.430307
6758.7  0.428693
6764.7  0.426651
6770.7  0.42461
6776.7  0.422712
6782.7  0.421101
6788.7  0.418919
6794.7  0.417095
6800.7  0.415272
6806.8  0.413448
6812.8  0.411412
6818.8  0.409592
6824.8  0.407629
6830.8  0.405525
6836.8  0.403208
6842.8  0.401248
6848.8  0.391436
6854.8  0.382809
6860.8  0.36555
6866.8  0.354115
6872.8  0.345435
6878.8  0.340085
6884.8  0.340806
6890.8  0.341561
6896.9  0.342887
6902.9  0.344044
6908.9  0.345941
6914.9  0.34862
6920.9  0.35181
6926.9  0.35612
6932.9  0.359686
6938.9  0.358639
6944.9  0.357284
6950.9  0.355633
6956.9  0.354535
6962.9  0.353257
6968.9  0.352067
6974.9  0.351205
6980.9  0.351802
6987.0  0.349406
6993.0  0.346943
6999.0  0.344694
7005.0  0.342659
7011.0  0.340483
7017.0  0.33838
7023.0  0.33649
7029.0  0.334318
7035.0  0.332289
7041.0  0.329909
7047.0  0.328095
7053.0  0.326211
7059.0  0.324046
7065.0  0.322024
7071.0  0.320144
7077.1  0.318334
7083.1  0.315893
7089.1  0.314088
7095.1  0.312283
7101.1  0.310409
7107.1  0.308466
7113.1  0.306033
7119.1  0.303953
7125.1  0.301804
7131.1  0.299796
7137.1  0.29758
7143.1  0.29563
7149.1  0.291644
7155.1  0.287564
7161.1  0.284533
7167.1  0.276224
7173.2  0.269878
7179.2  0.264555
7185.2  0.260007
7191.2  0.258491
7197.2  0.257397
7203.2  0.257196
7209.2  0.258007
7215.2  0.259093
7221.2  0.259812
7227.2  0.256055
7233.2  0.252232
7239.2  0.248702
7245.2  0.246566
7251.2  0.245188
7257.2  0.244018
7263.3  0.242346
7269.3  0.240945
7275.3  0.239431
7281.3  0.238203
7287.3  0.236803
7293.3  0.235501
7299.3  0.234438
7305.3  0.23336
7311.3  0.232253
7317.3  0.231656
7323.3  0.230818
7329.3  0.23006
7335.3  0.229581
7341.3  0.229501
7347.3  0.227943
7353.4  0.226325
7359.4  0.224718
7365.4  0.223125
7371.4  0.221552
7377.4  0.219668
7383.4  0.218114
7389.4  0.216571
7395.4  0.215093
7401.4  0.213338
7407.4  0.211311
7413.4  0.209766
7419.4  0.208154
7425.4  0.206063
7431.4  0.204522
7437.4  0.202846
7443.5  0.201101
7449.5  0.199838
7455.5  0.197756
7461.5  0.195813
7467.5  0.194418
7473.5  0.192751
7479.5  0.19129
7485.5  0.189626
7491.5  0.187895
7497.5  0.186575
7503.5  0.184439
7509.5  0.182781
7515.5  0.181124
7521.5  0.179266
7527.5  0.177545
7533.6  0.175892
7539.6  0.174377
7545.6  0.172865
7551.6  0.171353
7557.6  0.16964
7563.6  0.164265
7569.6  0.160987
7575.6  0.158153
7581.6  0.144624
7587.6  0.133754
7593.6  0.105819
7599.6  0.0851574
7605.6  0.0737498
7611.6  0.0757574
7617.6  0.0781648
7623.7  0.0805618
7629.7  0.0831928
7635.7  0.0863768
7641.7  0.0898912
7647.7  0.0940686
7653.7  0.100156
7659.7  0.10894
7665.7  0.117072
7671.7  0.120269
7677.7  0.125019
7683.7  0.130448
7689.7  0.1307
7695.7  0.131571
7701.7  0.132534
7707.7  0.131472
7713.8  0.13045
7719.8  0.129217
7725.8  0.128444
7731.8  0.12778
7737.8  0.126574
7743.8  0.125302
7749.8  0.124098
7755.8  0.122829
7761.8  0.121362
7767.8  0.120228
7773.8  0.118764
7779.8  0.117434
7785.8  0.116305
7791.8  0.11511
7797.8  0.113784
7803.9  0.112856
7809.9  0.111467
7815.9  0.110211
7821.9  0.108891
7827.9  0.107903
7833.9  0.106981
7839.9  0.105533
7845.9  0.104746
7851.9  0.103762
7857.9  0.102318
7863.9  0.101468
7869.9  0.100553
7875.9  0.0995075
7881.9  0.0985947
7887.9  0.0976171
7894.0  0.0963771
7900.0  0.0951395
7906.0  0.0940343
7912.0  0.093127
7918.0  0.0918932
7924.0  0.0903989
7930.0  0.0896259
7936.0  0.0886577
7942.0  0.0874944
7948.0  0.0863978
7954.0  0.0853024
7960.0  0.08473
7966.0  0.0840279
7972.0  0.0832614
7978.0  0.0819097
7984.1  0.0811444
7990.1  0.0803807
7996.1  0.079098
8002.1  0.0778978
8008.1  0.077194
8014.1  0.0755881
8020.1  0.0748268
8026.1  0.0741326
8032.1  0.0728635
8038.1  0.0714717
8044.1  0.0708517
8050.1  0.0699155
8056.1  0.0689829
8062.1  0.0681174
8068.1  0.0671289
8074.2  0.0662677
8080.2  0.0650982
8086.2  0.0642473
8092.2  0.0634624
8098.2  0.0625557
8104.2  0.0615904
8110.2  0.0596718
8116.2  0.0585828
8122.2  0.0576723
8128.2  0.0565788
8134.2  0.0555247
8140.2  0.0545928
8146.2  0.0531108
8152.2  0.0519458
8158.2  0.0507172
8164.2  0.0495634
8170.3  0.0488576
8176.3  0.048064
8182.3  0.0475054
8188.3  0.0474111
8194.3  0.0468869
8200.3  0.0462747
8206.3  0.0461531
8212.3  0.0456159
8218.3  0.0437716
8224.3  0.0431642
8230.3  0.0423468
8236.3  0.0418012
8242.3  0.0414027
8248.3  0.0414248
8254.3  0.0410067
8260.4  0.0405374
8266.4  0.0402616
8272.4  0.0394395
8278.4  0.0389063
8284.4  0.0383253
8290.4  0.0377327
8296.4  0.0371985
8302.4  0.0368325
8308.4  0.0365248
8314.4  0.0358922
8320.4  0.0353191
8326.4  0.0349704
8332.4  0.0345105
8338.4  0.0341538
8344.4  0.0333658
8350.5  0.0330764
8356.5  0.0329057
8362.5  0.0323117
8368.5  0.0320677
8374.5  0.0315351
8380.5  0.0310829
8386.5  0.0306334
8392.5  0.0302953
8398.5  0.0298518
8404.5  0.029682
8410.5  0.0290308
8416.5  0.0286014
8422.5  0.0280112
8428.5  0.0274701
8434.5  0.0268311
8440.6  0.0266559
8446.6  0.0262565
8452.6  0.0260714
8458.6  0.0254105
8464.6  0.0249114
8470.6  0.0244675
8476.6  0.0242357
8482.6  0.0241094
8488.6  0.0238792
8494.6  0.023338
8500.6  0.0227479
8506.6  0.0223676
8512.6  0.0222982
8518.6  0.0217154
8524.6  0.0216476
8530.7  0.0214767
8536.7  0.0209515
8542.7  0.0205813
8548.7  0.020213
8554.7  0.0200984
8560.7  0.0195825
8566.7  0.0191195
8572.7  0.0189086
8578.7  0.018798
8584.7  0.0181425
8590.7  0.0176885
8596.7  0.0175325
8602.7  0.017279
8608.7  0.0167821
8614.7  0.0169221
8620.8  0.0165252
8626.8  0.0163737
8632.8  0.0163194
8638.8  0.0158801
8644.8  0.0153475
8650.8  0.0151527
8656.8  0.0150064
8662.8  0.0147659
8668.8  0.0145739
8674.8  0.0140528
8680.8  0.0138169
8686.8  0.0137228
8692.8  0.013349
8698.8  0.0132564
8704.8  0.013396
8710.9  0.0126559
8716.9  0.0121054
8722.9  0.0122007
8728.9  0.0118837
8734.9  0.0117963
8740.9  0.0117999
8746.9  0.0115319
8752.9  0.0115359
8758.9  0.0115396
8764.9  0.0110508
8770.9  0.0108327
8776.9  0.0106603
8782.9  0.0105331
8788.9  0.0104947
8794.9  0.0103685
8801.0  0.00984833
8807.0  0.00989927
8813.0  0.009993
8819.0  0.00973948
8825.0  0.00948756
8831.0  0.00932317
8837.0  0.00911695
8843.0  0.00891201
8849.0  0.00879332
8855.0  0.00867528
8861.0  0.00864218
8867.0  0.00835711
8873.0  0.00790664
8879.0  0.00791779
8885.0  0.00767955
8891.1  0.00777321
8897.1  0.00749573
8903.1  0.00734894
8909.1  0.00698347
8915.1  0.00696551
8921.1  0.00695374
8927.1  0.00674788
8933.1  0.0067426
8939.1  0.00662176
8945.1  0.00638714
8951.1  0.00642529
8957.1  0.00608096
8963.1  0.00589164
8969.1  0.00575495
8975.1  0.00546625
8981.2  0.00544439
8987.2  0.00543124
8993.2  0.00531989
8999.2  0.00498905
9005.2  0.00508179
9011.2  0.00514053
9017.2  0.00499666
9023.2  0.00481665
9029.2  0.00446298
9035.2  0.00463801
9041.2  0.0047868
9047.2  0.00492215
9053.2  0.00475542
9059.2  0.00447489
9065.2  0.0041646
9071.3  0.00400567
9077.3  0.00389966
9083.3  0.00423813
9089.3  0.00411711
9095.3  0.00386613
9101.3  0.00384576
9107.3  0.00385786
9113.3  0.00380516
9119.3  0.00378494
9125.3  0.00363714
9131.3  0.00342728
9137.3  0.00334576
9143.3  0.00329636
9149.3  0.00337223
9155.3  0.00341607
9161.4  0.00343859
9167.4  0.00331508
9173.4  0.0031304
9179.4  0.00294652
9185.4  0.00316713
9191.4  0.00301676
9197.4  0.00289905
9203.4  0.00281483
9209.4  0.002923
9215.4  0.00304229
9221.4  0.00293717
9227.4  0.00289467
9233.4  0.00271929
9239.4  0.00290428
9245.4  0.00264225
9251.4  0.00265315
9257.5  0.00245739
9263.5  0.00244002
9269.5  0.00274789
9275.5  0.00246462
9281.5  0.00241832
9287.5  0.00243047
9293.5  0.00202713
9299.5  0.0019053
9305.5  0.00202123
9311.5  0.00179365
9317.5  0.00161239
9323.5  0.00156657
9329.5  0.00145079
9335.5  0.00141721
9341.5  0.00126385
9347.6  0.0013071
9353.6  0.0012919
9359.6  0.00137639
9365.6  0.00132423
9371.6  0.001395
9377.6  0.00134319
9383.6  0.00124644
9389.6  0.00129771
9395.6  0.00107774
9401.6  0.0014339
9407.6  0.00117304
9413.6  0.00135006
9419.6  0.0010507
9425.6  0.000833103
9431.6  0.00101341
9437.7  0.00061208
9443.7  0.00088622
9449.7  0.0016747
9455.7  0.000647563
9461.7  0.000387849
9467.7  0.00044248
9473.7  0.000993861
9479.7  0.00146988
9485.7  0.00141239
9491.7  0.000549377
9497.7  0.00104213
9503.7  0.0015151
9509.7  0.00140342
9515.7  0.000673366
9521.7  0.000472493
9527.8  0.00107068
9533.8  0.00101489
9539.8  0.0009231
9545.8  0.00110278
9551.8  0.000686205
9557.8  0.00052314
9563.8  0.000486603
9569.8  0.00045018
9575.8  3.59884e-05
9581.8  0.000485556
9587.8  0.00107853
9593.8  0.000916493
9599.8  0.000323436
9605.8  0.000664916
9611.8  0.000825511
9617.9  0.00102156
9623.9  0.000626562
9629.9  0.000876348
9635.9  0.000536139
9641.9  0.000339384
9647.9  0.000267878
9653.9  0.000517964
9659.9  0.000536116
9665.9  0.000554571
9671.9  0.000663033
9677.9  0.000916237
9683.9  0.000613085
9689.9  0.0003082
9695.9  9.1396e-05
9701.9  0.000129824
9708.0  0.00034457
9714.0  0.000417524
9720.0  0.000225767
9726.0  0.000149196
9732.0  0.000646974
9738.0  0.00076946
9744.0  0.000980423
