# Units:
#  "lambda" is in Angstroms
#  "pass" is the contribution to the detector signal per photon
#
# Bandpass Names(s): u
#
# collected by: Guangtun Zhu
#
# from http://www.ctio.noao.edu/instruments/FILTERS/index.html
#
# on July 11th 2008, NYU:
#
# Note 1: I only include Q.E. between  3002.0 AA and  4248.0 AA
#
# Note 2: It seems the curves didnot include atmospheric extinction. I added it by oke way
#   oke, filter.lambda, 1., 1.3, ext
#   filter.pass=filter.pass*10.^(-0.4*ext)
#
# Note 3: mean CCD response:http://www.ctio.noao.edu/pfccd/mosaic_ccds.html
#




3002.0  4.12757e-07
3004.0  4.47094e-07
3006.0  4.84268e-07
3008.0  5.24515e-07
3010.0  6.68337e-07
3012.0  7.23828e-07
3014.0  9.01485e-07
3016.0  9.76268e-07
3018.0  9.19319e-07
3020.0  1.09506e-06
3022.0  1.13188e-06
3024.0  1.57579e-06
3026.0  1.83261e-06
3028.0  2.05265e-06
3030.0  2.59281e-06
3032.0  2.80716e-06
3034.0  3.12595e-06
3036.0  3.57217e-06
3038.0  3.86711e-06
3040.0  4.95743e-06
3042.0  5.36643e-06
3044.0  6.32536e-06
3046.0  7.40573e-06
3048.0  8.92347e-06
3050.0  1.11319e-05
3052.0  1.27573e-05
3054.0  1.4958e-05
3056.0  1.7434e-05
3058.0  1.97665e-05
3060.0  2.26072e-05
3062.0  2.63069e-05
3064.0  2.96072e-05
3066.0  3.57359e-05
3068.0  4.26705e-05
3070.0  5.05016e-05
3072.0  5.73777e-05
3074.0  6.79969e-05
3076.0  8.04271e-05
3078.0  9.39419e-05
3080.0  0.000108059
3082.0  0.000128487
3084.0  0.000154664
3086.0  0.000182907
3088.0  0.000216198
3090.0  0.000249744
3092.0  0.000295901
3094.0  0.000346074
3096.0  0.000403468
3098.0  0.000469008
3100.0  0.000543728
3102.0  0.000598716
3104.0  0.000664527
3106.0  0.000730382
3108.0  0.000798762
3110.0  0.000873919
3112.0  0.000942269
3114.0  0.00102498
3116.0  0.00110934
3118.0  0.00120171
3120.0  0.00129261
3122.0  0.00139287
3124.0  0.00149297
3126.0  0.00159816
3128.0  0.00171249
3130.0  0.00182272
3132.0  0.0019421
3134.0  0.00205815
3136.0  0.00217895
3138.0  0.00232002
3140.0  0.00247826
3142.0  0.00262093
3144.0  0.00278516
3146.0  0.00295776
3148.0  0.00314889
3150.0  0.00335453
3152.0  0.00355318
3154.0  0.00376587
3156.0  0.0039852
3158.0  0.00421677
3160.0  0.00443897
3162.0  0.00468984
3164.0  0.00491658
3166.0  0.00514386
3168.0  0.00538926
3170.0  0.00562047
3172.0  0.00585796
3174.0  0.00609875
3176.0  0.00633334
3178.0  0.00657409
3180.0  0.00678186
3182.0  0.00696637
3184.0  0.00715477
3186.0  0.00732318
3188.0  0.00748448
3190.0  0.00763828
3192.0  0.00779846
3194.0  0.00796523
3196.0  0.00812774
3198.0  0.00829694
3200.0  0.00850719
3202.0  0.00866805
3204.0  0.00887809
3206.0  0.00907608
3208.0  0.00927743
3210.0  0.00949427
3212.0  0.0097475
3214.0  0.0100094
3216.0  0.0102928
3218.0  0.0105899
3220.0  0.0109439
3222.0  0.0112849
3224.0  0.0116759
3226.0  0.0120741
3228.0  0.0125111
3230.0  0.0129245
3232.0  0.0133776
3234.0  0.0138345
3236.0  0.0142999
3238.0  0.0148022
3240.0  0.0152851
3242.0  0.0157437
3244.0  0.0162191
3246.0  0.0166625
3248.0  0.0171176
3250.0  0.0175644
3252.0  0.0179724
3254.0  0.018371
3256.0  0.0187597
3258.0  0.0191434
3260.0  0.0195272
3262.0  0.0198609
3264.0  0.0201927
3266.0  0.0204849
3268.0  0.0208232
3270.0  0.0211213
3272.0  0.0214277
3274.0  0.0217095
3276.0  0.0219994
3278.0  0.0223199
3280.0  0.0226209
3282.0  0.0229914
3284.0  0.0233606
3286.0  0.0237515
3288.0  0.0241704
3290.0  0.0245887
3292.0  0.0250002
3294.0  0.0254585
3296.0  0.0259465
3298.0  0.0264226
3300.0  0.0269108
3302.0  0.0274088
3304.0  0.0279434
3306.0  0.0284713
3308.0  0.0290175
3310.0  0.0295126
3312.0  0.0300449
3314.0  0.0305508
3316.0  0.0310555
3318.0  0.0315784
3320.0  0.0320806
3322.0  0.0325249
3324.0  0.0329798
3326.0  0.0334254
3328.0  0.0338547
3330.0  0.0342539
3332.0  0.0346292
3334.0  0.0350143
3336.0  0.0353681
3338.0  0.0357245
3340.0  0.0360558
3342.0  0.03672
3344.0  0.0373626
3346.0  0.0380407
3348.0  0.0386816
3350.0  0.0393735
3352.0  0.0400043
3354.0  0.0406945
3356.0  0.041376
3358.0  0.0420404
3360.0  0.0427428
3362.0  0.0434665
3364.0  0.0441891
3366.0  0.0449268
3368.0  0.0456802
3370.0  0.0464833
3372.0  0.0473035
3374.0  0.0481324
3376.0  0.0489348
3378.0  0.0497541
3380.0  0.0506176
3382.0  0.051475
3384.0  0.0522858
3386.0  0.0530669
3388.0  0.0538265
3390.0  0.0545638
3392.0  0.055345
3394.0  0.0560744
3396.0  0.0567401
3398.0  0.0573698
3400.0  0.0580024
3402.0  0.0586236
3404.0  0.0591448
3406.0  0.0596562
3408.0  0.0601678
3410.0  0.0605846
3412.0  0.0609355
3414.0  0.0612942
3416.0  0.0616392
3418.0  0.0619812
3420.0  0.0623424
3422.0  0.0626449
3424.0  0.0629435
3426.0  0.0632498
3428.0  0.0635641
3430.0  0.0639217
3432.0  0.0642532
3434.0  0.0646292
3436.0  0.0650272
3438.0  0.0654841
3440.0  0.0659527
3442.0  0.0665321
3444.0  0.0671506
3446.0  0.0678345
3448.0  0.0685981
3450.0  0.0694052
3452.0  0.0702428
3454.0  0.0711255
3456.0  0.0720018
3458.0  0.0730039
3460.0  0.074095
3462.0  0.075223
3464.0  0.0764023
3466.0  0.0776888
3468.0  0.0790297
3470.0  0.0804261
3472.0  0.0817383
3474.0  0.0832336
3476.0  0.0846873
3478.0  0.0861126
3480.0  0.0876392
3482.0  0.0890935
3484.0  0.0905621
3486.0  0.0919558
3488.0  0.0934075
3490.0  0.0948124
3492.0  0.096215
3494.0  0.0975074
3496.0  0.0987797
3498.0  0.0999843
3500.0  0.101151
3502.0  0.102207
3504.0  0.103221
3506.0  0.104161
3508.0  0.104993
3510.0  0.105811
3512.0  0.106599
3514.0  0.107241
3516.0  0.107899
3518.0  0.108508
3520.0  0.109168
3522.0  0.109742
3524.0  0.110282
3526.0  0.110803
3528.0  0.111236
3530.0  0.111701
3532.0  0.112287
3534.0  0.11282
3536.0  0.113333
3538.0  0.113845
3540.0  0.114482
3542.0  0.115193
3544.0  0.115868
3546.0  0.116654
3548.0  0.117574
3550.0  0.118403
3552.0  0.119179
3554.0  0.120108
3556.0  0.121003
3558.0  0.121883
3560.0  0.122882
3562.0  0.124081
3564.0  0.125228
3566.0  0.126382
3568.0  0.127503
3570.0  0.128731
3572.0  0.129804
3574.0  0.130924
3576.0  0.132131
3578.0  0.133345
3580.0  0.134483
3582.0  0.135586
3584.0  0.136694
3586.0  0.137703
3588.0  0.138695
3590.0  0.139605
3592.0  0.140604
3594.0  0.141499
3596.0  0.142288
3598.0  0.1431
3600.0  0.143782
3602.0  0.144422
3604.0  0.145039
3606.0  0.145612
3608.0  0.146092
3610.0  0.146481
3612.0  0.14682
3614.0  0.147201
3616.0  0.147579
3618.0  0.147884
3620.0  0.148162
3622.0  0.148505
3624.0  0.148775
3626.0  0.149111
3628.0  0.149347
3630.0  0.149652
3632.0  0.149928
3634.0  0.1502
3636.0  0.150516
3638.0  0.150902
3640.0  0.151384
3642.0  0.151839
3644.0  0.152391
3646.0  0.153068
3648.0  0.153745
3650.0  0.154548
3652.0  0.154869
3654.0  0.155368
3656.0  0.155969
3658.0  0.156573
3660.0  0.157281
3662.0  0.157888
3664.0  0.158652
3666.0  0.159341
3668.0  0.160136
3670.0  0.160987
3672.0  0.161736
3674.0  0.162592
3676.0  0.163347
3678.0  0.164209
3680.0  0.164942
3682.0  0.165598
3684.0  0.166282
3686.0  0.166887
3688.0  0.167413
3690.0  0.167913
3692.0  0.168603
3694.0  0.168969
3696.0  0.169417
3698.0  0.169783
3700.0  0.169846
3702.0  0.17002
3704.0  0.170028
3706.0  0.170033
3708.0  0.169896
3710.0  0.169756
3712.0  0.169389
3714.0  0.169074
3716.0  0.168556
3718.0  0.168062
3720.0  0.167647
3722.0  0.167285
3724.0  0.166546
3726.0  0.166116
3728.0  0.165567
3730.0  0.164896
3732.0  0.164045
3734.0  0.163245
3736.0  0.162467
3738.0  0.161537
3740.0  0.160657
3742.0  0.159916
3744.0  0.159139
3746.0  0.158385
3748.0  0.157654
3750.0  0.157124
3752.0  0.15644
3754.0  0.15578
3756.0  0.155144
3758.0  0.154502
3760.0  0.153884
3762.0  0.15323
3764.0  0.152662
3766.0  0.152149
3768.0  0.151478
3770.0  0.150832
3772.0  0.15021
3774.0  0.149614
3776.0  0.149075
3778.0  0.148437
3780.0  0.147856
3782.0  0.147394
3784.0  0.146709
3786.0  0.146174
3788.0  0.145509
3790.0  0.144743
3792.0  0.144035
3794.0  0.143225
3796.0  0.142472
3798.0  0.141617
3800.0  0.140691
3802.0  0.139674
3804.0  0.13865
3806.0  0.137682
3808.0  0.136546
3810.0  0.1355
3812.0  0.134055
3814.0  0.132666
3816.0  0.1313
3818.0  0.129663
3820.0  0.127883
3822.0  0.126224
3824.0  0.12462
3826.0  0.122874
3828.0  0.121116
3830.0  0.119481
3832.0  0.117635
3834.0  0.115676
3836.0  0.113739
3838.0  0.111655
3840.0  0.10966
3842.0  0.107618
3844.0  0.105463
3846.0  0.103499
3848.0  0.101386
3850.0  0.099226
3852.0  0.0972255
3854.0  0.0952474
3856.0  0.0930845
3858.0  0.0909435
3860.0  0.088929
3862.0  0.0869375
3864.0  0.0846894
3866.0  0.0827439
3868.0  0.0806462
3870.0  0.078748
3872.0  0.0766618
3874.0  0.0746699
3876.0  0.0727021
3878.0  0.0707585
3880.0  0.0688395
3882.0  0.0669452
3884.0  0.065112
3886.0  0.0633764
3888.0  0.0617754
3890.0  0.0600927
3892.0  0.0585457
3894.0  0.056917
3896.0  0.0553155
3898.0  0.0536316
3900.0  0.0520484
3902.0  0.0504145
3904.0  0.0487349
3906.0  0.0473422
3908.0  0.0457194
3910.0  0.0444226
3912.0  0.0427831
3914.0  0.0412469
3916.0  0.0397026
3918.0  0.0382251
3920.0  0.0368529
3922.0  0.0355866
3924.0  0.0340484
3926.0  0.0325781
3928.0  0.0312903
3930.0  0.0300339
3932.0  0.028809
3934.0  0.0276161
3936.0  0.0266092
3938.0  0.0255198
3940.0  0.0246179
3942.0  0.0233626
3944.0  0.0224503
3946.0  0.0215332
3948.0  0.020299
3950.0  0.0193716
3952.0  0.0185177
3954.0  0.0176201
3956.0  0.0165996
3958.0  0.0156924
3960.0  0.0147805
3962.0  0.0139831
3964.0  0.0132214
3966.0  0.0124958
3968.0  0.0116463
3970.0  0.0111537
3972.0  0.0103769
3974.0  0.00983812
3976.0  0.00921575
3978.0  0.00850917
3980.0  0.00804274
3982.0  0.00757394
3984.0  0.00714358
3986.0  0.00671104
3988.0  0.00615325
3990.0  0.00583939
3992.0  0.00535904
3994.0  0.00500027
3996.0  0.00480539
3998.0  0.00460952
4000.0  0.00428776
4002.0  0.00404717
4004.0  0.00380546
4006.0  0.00343688
4008.0  0.00331865
4010.0  0.00294724
4012.0  0.00286952
4014.0  0.00266453
4016.0  0.00254338
4018.0  0.00242167
4020.0  0.00212906
4022.0  0.00209118
4024.0  0.00183924
4026.0  0.00158616
4028.0  0.00141786
4030.0  0.00142104
4032.0  0.00142422
4034.0  0.00142741
4036.0  0.00130055
4038.0  0.00104276
4040.0  0.00100155
4042.0  0.000960136
4044.0  0.000874796
4046.0  0.000789068
4048.0  0.000790822
4050.0  0.000660482
4052.0  0.00066115
4054.0  0.000750062
4056.0  0.000750821
4058.0  0.000574738
4060.0  0.000531065
4062.0  0.000531602
4064.0  0.00053214
4066.0  0.000488288
4068.0  0.000444347
4070.0  0.000444797
4072.0  0.000445247
4074.0  0.000445697
4076.0  0.000446148
4078.0  0.000446599
4080.0  0.000447051
4082.0  0.000447502
4084.0  0.000403159
4086.0  0.000313885
4088.0  0.000314202
4090.0  0.00031452
4092.0  0.000314838
4094.0  0.000450223
4096.0  0.000450678
4098.0  0.000451133
4100.0  0.000451589
4102.0  0.000452013
4104.0  0.000452437
4106.0  0.000362289
4108.0  0.0003173
4110.0  9.07423e-05
4112.0  0.000136241
4114.0  0.000181825
4116.0  0.000318493
4118.0  0.00027325
4120.0  0.000455843
4122.0  0.000456271
4124.0  0.000411029
4126.0  0.000365701
4128.0  0.000228778
4130.0  0.000320589
4132.0  0.000320889
4134.0  0.00032119
4136.0  0.000413346
4138.0  0.000459703
4140.0  0.000460134
4142.0  0.000414509
4144.0  0.000230498
4146.0  0.000230714
4148.0  9.23721e-05
4150.0  9.24587e-05
4152.0  9.25453e-05
4154.0  0.000138948
4156.0  0.000231797
4158.0  0.000232014
4160.0  0.000325123
4162.0  0.000325428
4164.0  0.000325733
4166.0  0.000279461
4168.0  0.000326343
4170.0  0.000326648
4172.0  0.000467077
4174.0  0.000467514
4176.0  0.000467952
4178.0  0.00046839
4180.0  0.000468828
4182.0  0.000469266
4184.0  0.000469705
4186.0  0.000470145
4188.0  0.000470585
4190.0  0.000329717
4192.0  0.000330026
4194.0  0.000330334
4196.0  0.000330643
4198.0  0.000283673
4200.0  0.000236615
4202.0  0.000142095
4204.0  0.000142221
4206.0  0.000142347
4208.0  0.000379929
4210.0  0.000380266
4212.0  9.51508e-05
4218.0  0.000190808
4220.0  0.000238722
4222.0  0.000238933
4224.0  0.000286974
4226.0  0.000287228
4228.0  0.000239569
4230.0  0.000239781
4232.0  0.000287992
4234.0  0.000240206
4236.0  9.61676e-05
4248.0  0.000193359
