# Units:
#  "lambda" is in Angstroms
#  "pass" is the contribution to the detector signal per photon
#
# Bandpass Names(s): U
#
# collected by: Guangtun Zhu
#
# from http://www.ctio.noao.edu/instruments/FILTERS/index.html
#
# on July 2nd 2008, NYU:
#
# Note 1: I only include Q.E. between  3002.0 AA and  4247.0 AA
#
# Note 2: It seems the curves didnot include atmospheric extinction. I added it by oke way
#   oke, filter.lambda, 1., 1.3, ext
#   filter.pass=filter.pass*10.^(-0.4*ext)
#
# Note 3: mean CCD response:http://www.ctio.noao.edu/pfccd/mosaic_ccds.html
#




3002.0  3.39918e-07
3005.0  4.65312e-07
3008.0  5.86223e-07
3011.0  7.65086e-07
3014.0  9.4068e-07
3017.0  1.19263e-06
3020.0  1.44349e-06
3023.0  1.73869e-06
3026.0  2.14857e-06
3029.0  2.56303e-06
3032.0  3.04777e-06
3035.0  3.4332e-06
3038.0  3.66358e-06
3041.0  4.0117e-06
3044.0  5.29264e-06
3047.0  6.8326e-06
3050.0  9.33114e-06
3053.0  1.2166e-05
3056.0  1.49435e-05
3059.0  1.84601e-05
3062.0  2.13086e-05
3065.0  2.57647e-05
3068.0  3.30029e-05
3071.0  4.05253e-05
3074.0  4.77245e-05
3077.0  5.94168e-05
3080.0  7.22179e-05
3083.0  9.21068e-05
3086.0  0.000114486
3089.0  0.000142544
3092.0  0.00017411
3095.0  0.000212298
3098.0  0.000261646
3101.0  0.000312011
3104.0  0.000360635
3107.0  0.000410971
3110.0  0.000474133
3113.0  0.000540378
3116.0  0.000615605
3119.0  0.000705717
3122.0  0.00079791
3125.0  0.00090181
3128.0  0.00101219
3131.0  0.00113569
3134.0  0.00126239
3137.0  0.00139952
3140.0  0.00155229
3143.0  0.00171383
3146.0  0.00187958
3149.0  0.00204946
3152.0  0.00224155
3155.0  0.0024365
3158.0  0.00264327
3161.0  0.0028661
3164.0  0.00309499
3167.0  0.00334252
3170.0  0.00357967
3173.0  0.00384833
3176.0  0.00414736
3179.0  0.00446563
3182.0  0.00478377
3185.0  0.00510877
3188.0  0.00542495
3191.0  0.00578096
3194.0  0.00616452
3197.0  0.00657327
3200.0  0.00699699
3203.0  0.00737201
3206.0  0.00776601
3209.0  0.00817165
3212.0  0.00861369
3215.0  0.00904804
3218.0  0.00951615
3221.0  0.00999064
3224.0  0.0104768
3227.0  0.0109718
3230.0  0.0114985
3233.0  0.0119936
3236.0  0.0125159
3239.0  0.0130712
3242.0  0.0136168
3245.0  0.0141873
3248.0  0.0147262
3251.0  0.015282
3254.0  0.0158349
3257.0  0.0164258
3260.0  0.0170298
3263.0  0.0175487
3266.0  0.0180705
3269.0  0.0186115
3272.0  0.0191612
3275.0  0.0197251
3278.0  0.0203035
3281.0  0.0209223
3284.0  0.0215874
3287.0  0.0222657
3290.0  0.0229455
3293.0  0.0235851
3296.0  0.0242368
3299.0  0.0248947
3302.0  0.0255405
3305.0  0.0261845
3308.0  0.0268828
3311.0  0.027484
3314.0  0.0281072
3317.0  0.0287334
3320.0  0.0294149
3323.0  0.0301274
3326.0  0.0308166
3329.0  0.0314884
3332.0  0.0321693
3335.0  0.0328526
3338.0  0.0334896
3341.0  0.0342983
3344.0  0.035395
3347.0  0.0365498
3350.0  0.0376453
3353.0  0.0387761
3356.0  0.0399044
3359.0  0.0410289
3362.0  0.0421557
3365.0  0.0433292
3368.0  0.0444803
3371.0  0.0457007
3374.0  0.0469326
3377.0  0.0481756
3380.0  0.0493574
3383.0  0.0505656
3386.0  0.0517542
3389.0  0.0530444
3392.0  0.0543444
3395.0  0.0556146
3398.0  0.0568232
3401.0  0.0580249
3404.0  0.0592576
3407.0  0.0605994
3410.0  0.061949
3413.0  0.0632952
3416.0  0.0646373
3419.0  0.0660075
3422.0  0.0673505
3425.0  0.0687441
3428.0  0.0701668
3431.0  0.0716193
3434.0  0.0730426
3437.0  0.0744469
3440.0  0.0759043
3443.0  0.0773792
3446.0  0.0789095
3449.0  0.0803948
3452.0  0.0817236
3455.0  0.0831669
3458.0  0.084519
3461.0  0.0859238
3464.0  0.0873693
3467.0  0.0888704
3470.0  0.0903311
3473.0  0.0918764
3476.0  0.0934234
3479.0  0.0948992
3482.0  0.0963153
3485.0  0.0979065
3488.0  0.0994686
3491.0  0.101015
3494.0  0.102653
3497.0  0.104183
3500.0  0.105773
3503.0  0.107276
3506.0  0.10871
3509.0  0.110155
3512.0  0.111725
3515.0  0.113275
3518.0  0.114804
3521.0  0.116328
3524.0  0.117931
3527.0  0.119513
3530.0  0.12116
3533.0  0.122678
3536.0  0.124099
3539.0  0.12562
3542.0  0.127114
3545.0  0.128617
3548.0  0.130261
3551.0  0.131916
3554.0  0.133508
3557.0  0.135207
3560.0  0.137055
3563.0  0.138624
3566.0  0.140164
3569.0  0.141573
3572.0  0.143008
3575.0  0.144715
3578.0  0.14627
3581.0  0.147855
3584.0  0.149407
3587.0  0.151052
3590.0  0.152579
3593.0  0.154265
3596.0  0.155832
3599.0  0.157538
3602.0  0.159077
3605.0  0.160577
3608.0  0.162107
3611.0  0.163576
3614.0  0.165166
3617.0  0.166601
3620.0  0.168136
3623.0  0.16963
3626.0  0.171059
3629.0  0.172588
3632.0  0.174148
3635.0  0.175788
3638.0  0.17729
3641.0  0.178969
3644.0  0.180484
3647.0  0.181828
3650.0  0.18315
3653.0  0.183954
3656.0  0.184785
3659.0  0.18567
3662.0  0.186583
3665.0  0.187343
3668.0  0.188235
3671.0  0.188945
3674.0  0.189709
3677.0  0.190527
3680.0  0.191479
3683.0  0.192381
3686.0  0.193097
3689.0  0.19376
3692.0  0.194396
3695.0  0.195059
3698.0  0.195667
3701.0  0.19626
3704.0  0.196742
3707.0  0.197194
3710.0  0.1977
3713.0  0.198289
3716.0  0.198906
3719.0  0.199295
3722.0  0.199597
3725.0  0.199867
3728.0  0.200134
3731.0  0.200628
3734.0  0.201033
3737.0  0.201495
3740.0  0.201721
3743.0  0.201766
3746.0  0.201866
3749.0  0.201811
3752.0  0.20187
3755.0  0.201804
3758.0  0.201941
3761.0  0.201984
3764.0  0.202021
3767.0  0.20187
3770.0  0.201436
3773.0  0.201238
3776.0  0.20094
3779.0  0.200665
3782.0  0.200289
3785.0  0.199778
3788.0  0.199257
3791.0  0.198789
3794.0  0.197994
3797.0  0.19725
3800.0  0.196782
3803.0  0.196134
3806.0  0.195314
3809.0  0.194352
3812.0  0.193378
3815.0  0.192227
3818.0  0.191061
3821.0  0.189782
3824.0  0.188421
3827.0  0.187277
3830.0  0.186019
3833.0  0.184679
3836.0  0.183188
3839.0  0.181546
3842.0  0.179817
3845.0  0.178172
3848.0  0.176133
3851.0  0.174382
3854.0  0.172474
3857.0  0.170477
3860.0  0.168426
3863.0  0.166353
3866.0  0.16426
3869.0  0.161863
3872.0  0.159479
3875.0  0.157072
3878.0  0.154606
3881.0  0.152224
3884.0  0.149711
3887.0  0.147066
3890.0  0.144215
3893.0  0.141593
3896.0  0.13891
3899.0  0.136532
3902.0  0.133862
3905.0  0.131124
3908.0  0.128029
3911.0  0.124833
3914.0  0.121834
3917.0  0.118847
3920.0  0.115721
3923.0  0.112758
3926.0  0.109505
3929.0  0.106453
3932.0  0.103338
3935.0  0.100465
3938.0  0.0976074
3941.0  0.0947648
3944.0  0.0920152
3947.0  0.0889311
3950.0  0.0858219
3953.0  0.0829626
3956.0  0.0801984
3959.0  0.0773328
3962.0  0.0744043
3965.0  0.0714525
3968.0  0.0687974
3971.0  0.0660408
3974.0  0.0631414
3977.0  0.0603001
3980.0  0.0577615
3983.0  0.0550807
3986.0  0.0527062
3989.0  0.0503954
3992.0  0.0480665
3995.0  0.0459678
3998.0  0.0437696
4001.0  0.0418011
4004.0  0.0398528
4007.0  0.0379745
4010.0  0.0360827
4013.0  0.0340929
4016.0  0.032301
4019.0  0.0306665
4022.0  0.0289777
4025.0  0.0277481
4028.0  0.0258652
4031.0  0.0243572
4034.0  0.0227521
4037.0  0.0211792
4040.0  0.0200745
4043.0  0.0190057
4046.0  0.0177979
4049.0  0.0165817
4052.0  0.0152065
4055.0  0.014126
4058.0  0.0134842
4061.0  0.0125749
4064.0  0.0118845
4067.0  0.0111475
4070.0  0.0103193
4073.0  0.00962219
4076.0  0.00901219
4079.0  0.00835562
4082.0  0.00751804
4085.0  0.00694681
4088.0  0.00673291
4091.0  0.00633853
4094.0  0.00598796
4097.0  0.00554614
4100.0  0.004832
4103.0  0.0044318
4106.0  0.00398518
4109.0  0.00371869
4112.0  0.00358768
4115.0  0.00309248
4118.0  0.00286912
4121.0  0.00282755
4124.0  0.00274019
4127.0  0.00237817
4130.0  0.00215253
4133.0  0.00215555
4136.0  0.00211266
4139.0  0.00188567
4142.0  0.00175015
4145.0  0.00184485
4148.0  0.00180126
4151.0  0.00143378
4154.0  0.00148211
4157.0  0.00153057
4160.0  0.00116116
4163.0  0.00116279
4166.0  0.00116442
4169.0  0.000979486
4172.0  0.000934154
4175.0  0.000935466
4178.0  0.000936779
4181.0  0.000938094
4184.0  0.000939411
4187.0  0.00108184
4190.0  0.000800742
4193.0  0.000943371
4196.0  0.000944694
4199.0  0.00099332
4202.0  0.000852571
4205.0  0.000806277
4208.0  0.00080735
4211.0  0.000665761
4214.0  0.000523793
4217.0  0.000476809
4220.0  0.000572932
4223.0  0.000191231
4226.0  0.000239357
4229.0  0.00047935
4232.0  0.000479987
4235.0  0.000720938
4238.0  0.000721896
4241.0  0.000674665
4244.0  0.000579052
4247.0  0.000483184
