# Units:
#  "lambda" is in Angstroms
#  "pass" is the contribution to the detector signal per photon
#
# Bandpass Names(s): r
#
# collected by: Guangtun Zhu
#
# from http://www.ctio.noao.edu/instruments/FILTERS/index.html
#
# on July 11th 2008, NYU:
#
# Note 1: I only include Q.E. between  5006.0 AA and  7498.0 AA
#
# Note 2: It seems the curves didnot include atmospheric extinction. I added it by oke way
#   oke, filter.lambda, 1., 1.3, ext
#   filter.pass=filter.pass*10.^(-0.4*ext)
#
# Note 3: mean CCD response:http://www.ctio.noao.edu/pfccd/mosaic_ccds.html
#




5006.0  0.000184284
5010.0  0.000307397
5014.0  0.000307654
5018.0  0.000123165
5022.0  0.000123267
5026.0  0.000308426
5038.0  0.00012368
5042.0  0.000123783
5046.0  0.000123886
5050.0  0.00012399
5066.0  0.000124404
5070.0  0.000124507
5074.0  0.000124611
5078.0  0.000187072
5082.0  6.24093e-05
5090.0  0.000125026
5094.0  0.00012513
5098.0  0.000187852
5102.0  0.000501355
5106.0  0.000376328
5110.0  0.000313868
5114.0  0.000314128
5118.0  6.28779e-05
5122.0  6.29301e-05
5126.0  0.000125965
5130.0  0.000441242
5134.0  0.000567782
5138.0  0.000189417
5142.0  0.000189575
5146.0  0.000189732
5150.0  0.000189889
5154.0  0.000316744
5158.0  0.000317006
5162.0  0.000380722
5166.0  0.000444544
5170.0  0.000444912
5174.0  0.00044528
5178.0  0.00031832
5182.0  0.000509734
5186.0  0.000382616
5190.0  0.000638221
5194.0  0.000638748
5198.0  0.000639276
5202.0  0.000447846
5206.0  0.000448184
5210.0  0.000320373
5214.0  0.000128246
5218.0  0.000128342
5222.0  0.000385317
5226.0  0.000321339
5230.0  0.000321581
5234.0  0.000643645
5238.0  0.000644129
5242.0  0.000644613
5246.0  0.000645098
5250.0  0.000645582
5254.0  0.00058146
5258.0  0.000581897
5262.0  0.000776445
5266.0  0.000777028
5270.0  0.000648009
5274.0  0.000648496
5278.0  0.000648982
5282.0  0.000779362
5286.0  0.000844942
5290.0  0.000650442
5294.0  0.000520744
5298.0  0.000651417
5302.0  0.000782285
5306.0  0.000652392
5310.0  0.00065288
5314.0  0.000784042
5318.0  0.000784628
5322.0  0.000785215
5326.0  0.000654835
5330.0  0.000655324
5334.0  0.000852558
5338.0  0.000853195
5342.0  0.000853832
5346.0  0.000723012
5350.0  0.000657774
5354.0  0.000724091
5358.0  0.00105401
5362.0  0.00085702
5366.0  0.0012535
5370.0  0.00132046
5374.0  0.00132144
5378.0  0.00119018
5382.0  0.000992558
5386.0  0.000993296
5390.0  0.000994035
5394.0  0.00106109
5398.0  0.00132735
5402.0  0.00159395
5406.0  0.00199378
5410.0  0.00212812
5414.0  0.00239574
5418.0  0.00293009
5422.0  0.00386498
5426.0  0.00500117
5430.0  0.00620561
5434.0  0.00774551
5438.0  0.0100893
5442.0  0.0124362
5446.0  0.0153214
5450.0  0.0190809
5454.0  0.0231804
5458.0  0.0277546
5462.0  0.0334754
5466.0  0.0402779
5470.0  0.0483658
5474.0  0.0574055
5478.0  0.0669953
5482.0  0.0776749
5486.0  0.0885707
5490.0  0.0999528
5494.0  0.112024
5498.0  0.125529
5502.0  0.139795
5506.0  0.153945
5510.0  0.168925
5514.0  0.185007
5518.0  0.20172
5522.0  0.217981
5526.0  0.232636
5530.0  0.247785
5534.0  0.263022
5538.0  0.277464
5542.0  0.291586
5546.0  0.304977
5550.0  0.319135
5554.0  0.333039
5558.0  0.345598
5562.0  0.357764
5566.0  0.369468
5570.0  0.380846
5574.0  0.391555
5578.0  0.401868
5582.0  0.412674
5586.0  0.42274
5590.0  0.432613
5594.0  0.442431
5598.0  0.45185
5602.0  0.461545
5606.0  0.470141
5610.0  0.478747
5614.0  0.486951
5618.0  0.494339
5622.0  0.501736
5626.0  0.509279
5630.0  0.517107
5634.0  0.524185
5638.0  0.530236
5642.0  0.53657
5646.0  0.542705
5650.0  0.54774
5654.0  0.552989
5658.0  0.557135
5662.0  0.56094
5666.0  0.564402
5670.0  0.567591
5674.0  0.57002
5678.0  0.572382
5682.0  0.573774
5686.0  0.574401
5690.0  0.574891
5694.0  0.57531
5698.0  0.575451
5702.0  0.575522
5706.0  0.575454
5710.0  0.575524
5714.0  0.574966
5718.0  0.574407
5722.0  0.573288
5726.0  0.572866
5730.0  0.572584
5734.0  0.572651
5738.0  0.572788
5742.0  0.573065
5746.0  0.573834
5750.0  0.574322
5754.0  0.574881
5758.0  0.575581
5762.0  0.576844
5766.0  0.57846
5770.0  0.580501
5774.0  0.583672
5778.0  0.586493
5782.0  0.588471
5786.0  0.590309
5790.0  0.592856
5794.0  0.595972
5798.0  0.599515
5802.0  0.60326
5806.0  0.606994
5810.0  0.611299
5814.0  0.61575
5818.0  0.619497
5822.0  0.622751
5826.0  0.625866
5830.0  0.628558
5834.0  0.631821
5838.0  0.635159
5842.0  0.638998
5846.0  0.642984
5850.0  0.647188
5854.0  0.650611
5858.0  0.652968
5862.0  0.655541
5866.0  0.657618
5870.0  0.66041
5874.0  0.662634
5878.0  0.664359
5882.0  0.665871
5886.0  0.666739
5890.0  0.667251
5894.0  0.66769
5898.0  0.668417
5902.0  0.668857
5906.0  0.668867
5910.0  0.667798
5914.0  0.666656
5918.0  0.665656
5922.0  0.664798
5926.0  0.664372
5930.0  0.662648
5934.0  0.66085
5938.0  0.658977
5942.0  0.657535
5946.0  0.655947
5950.0  0.653995
5954.0  0.651896
5958.0  0.64994
5962.0  0.648415
5966.0  0.646526
5970.0  0.644272
5974.0  0.642306
5978.0  0.641207
5982.0  0.639961
5986.0  0.638787
5990.0  0.637902
5994.0  0.637742
5998.0  0.637145
6002.0  0.636764
6006.0  0.636745
6010.0  0.63709
6014.0  0.636853
6018.0  0.637488
6022.0  0.638704
6026.0  0.639847
6030.0  0.641861
6034.0  0.643875
6038.0  0.645307
6042.0  0.646957
6046.0  0.649404
6050.0  0.651996
6054.0  0.65524
6058.0  0.657903
6062.0  0.660129
6066.0  0.661992
6070.0  0.664362
6074.0  0.667239
6078.0  0.669535
6082.0  0.671758
6086.0  0.673762
6090.0  0.675475
6094.0  0.676608
6098.0  0.678103
6102.0  0.679429
6106.0  0.679933
6110.0  0.679786
6114.0  0.679348
6118.0  0.678838
6122.0  0.677965
6126.0  0.67673
6130.0  0.675567
6134.0  0.674187
6138.0  0.672952
6142.0  0.670049
6146.0  0.666929
6150.0  0.663447
6154.0  0.66098
6158.0  0.658802
6162.0  0.656044
6166.0  0.652851
6170.0  0.649441
6174.0  0.646973
6178.0  0.644215
6182.0  0.641602
6186.0  0.638772
6190.0  0.636231
6194.0  0.633038
6198.0  0.631077
6202.0  0.629183
6206.0  0.627719
6210.0  0.625965
6214.0  0.624573
6218.0  0.623689
6222.0  0.623167
6226.0  0.622572
6230.0  0.621542
6234.0  0.621744
6238.0  0.621874
6242.0  0.620916
6246.0  0.61851
6250.0  0.620233
6254.0  0.620507
6258.0  0.621795
6262.0  0.623155
6266.0  0.623791
6270.0  0.624716
6274.0  0.625786
6278.0  0.626784
6282.0  0.627709
6286.0  0.628489
6290.0  0.629413
6294.0  0.63041
6298.0  0.631262
6302.0  0.632403
6306.0  0.633327
6310.0  0.633817
6314.0  0.634161
6318.0  0.63494
6322.0  0.635284
6326.0  0.635628
6330.0  0.6359
6334.0  0.636678
6338.0  0.636804
6342.0  0.637003
6346.0  0.636912
6350.0  0.637111
6354.0  0.637309
6358.0  0.637725
6362.0  0.637851
6366.0  0.638049
6370.0  0.638102
6374.0  0.638155
6378.0  0.638208
6382.0  0.638623
6386.0  0.638893
6390.0  0.639452
6394.0  0.639432
6398.0  0.639195
6402.0  0.63932
6406.0  0.63959
6410.0  0.639497
6414.0  0.639621
6418.0  0.63989
6422.0  0.639725
6426.0  0.639705
6430.0  0.639395
6434.0  0.638795
6438.0  0.637906
6442.0  0.637017
6446.0  0.636345
6450.0  0.635094
6454.0  0.633916
6458.0  0.632665
6462.0  0.631125
6466.0  0.629295
6470.0  0.627683
6474.0  0.62607
6478.0  0.624024
6482.0  0.621688
6486.0  0.619787
6490.0  0.617596
6494.0  0.615911
6498.0  0.614371
6502.0  0.613081
6506.0  0.611969
6510.0  0.610857
6514.0  0.609674
6518.0  0.608924
6522.0  0.608391
6526.0  0.607785
6530.0  0.607469
6534.0  0.607297
6538.0  0.607558
6542.0  0.60818
6546.0  0.60909
6550.0  0.611371
6554.0  0.614444
6558.0  0.621988
6562.0  0.628881
6566.0  0.628128
6570.0  0.618651
6574.0  0.618837
6578.0  0.620392
6582.0  0.621874
6586.0  0.623788
6590.0  0.626421
6594.0  0.628982
6598.0  0.631541
6602.0  0.633596
6606.0  0.634858
6610.0  0.635831
6614.0  0.636228
6618.0  0.636481
6622.0  0.636734
6626.0  0.636555
6630.0  0.635441
6634.0  0.633968
6638.0  0.63228
6642.0  0.630663
6646.0  0.629192
6650.0  0.627648
6654.0  0.625889
6658.0  0.623557
6662.0  0.621153
6666.0  0.618965
6670.0  0.61685
6674.0  0.613945
6678.0  0.611975
6682.0  0.610076
6686.0  0.608322
6690.0  0.606927
6694.0  0.605246
6698.0  0.604425
6702.0  0.603318
6706.0  0.602928
6710.0  0.602108
6714.0  0.602434
6718.0  0.602116
6722.0  0.60194
6726.0  0.601908
6730.0  0.60159
6734.0  0.600698
6738.0  0.59995
6742.0  0.59956
6746.0  0.598741
6750.0  0.596705
6754.0  0.5951
6758.0  0.592779
6762.0  0.589601
6766.0  0.587068
6770.0  0.584035
6774.0  0.580073
6778.0  0.57547
6782.0  0.57144
6786.0  0.567411
6790.0  0.563169
6794.0  0.559
6798.0  0.554975
6802.0  0.551094
6806.0  0.547358
6810.0  0.54405
6814.0  0.541814
6818.0  0.540007
6822.0  0.538342
6826.0  0.537392
6830.0  0.537368
6834.0  0.538413
6838.0  0.540527
6842.0  0.54314
6846.0  0.539262
6850.0  0.539675
6854.0  0.540398
6858.0  0.525639
6862.0  0.518916
6866.0  0.514328
6870.0  0.511247
6874.0  0.50783
6878.0  0.506748
6882.0  0.511612
6886.0  0.516048
6890.0  0.520127
6894.0  0.523672
6898.0  0.52676
6902.0  0.52909
6906.0  0.530623
6910.0  0.53146
6914.0  0.53114
6918.0  0.530023
6922.0  0.527236
6926.0  0.522733
6930.0  0.517362
6934.0  0.499647
6938.0  0.477832
6942.0  0.450102
6946.0  0.41637
6950.0  0.375713
6954.0  0.331375
6958.0  0.288221
6962.0  0.244082
6966.0  0.199857
6970.0  0.158686
6974.0  0.124859
6978.0  0.0969663
6982.0  0.0743493
6986.0  0.0566333
6990.0  0.0426769
6994.0  0.0324775
6998.0  0.0250419
7002.0  0.0190244
7006.0  0.0147774
7010.0  0.0115221
7014.0  0.00925786
7018.0  0.00763057
7022.0  0.00614534
7026.0  0.00501393
7030.0  0.00388308
7034.0  0.00359979
7038.0  0.00331664
7042.0  0.00282198
7046.0  0.00260968
7050.0  0.00232698
7054.0  0.00225591
7058.0  0.00169152
7062.0  0.00190249
7066.0  0.00169068
7070.0  0.00161984
7074.0  0.00112656
7078.0  0.00105589
7082.0  0.00105563
7086.0  0.0013368
7090.0  0.000914426
7094.0  0.000984522
7098.0  0.00140611
7102.0  0.00140576
7106.0  0.00112433
7110.0  0.000843036
7114.0  0.000913062
7118.0  0.00105327
7122.0  0.00105301
7126.0  0.00105274
7130.0  0.00105248
7134.0  0.00126266
7138.0  0.000841563
7142.0  0.000911436
7146.0  0.000700883
7150.0  0.000694892
7154.0  0.000829979
7158.0  0.000895986
7162.0  0.0011682
7166.0  0.00121369
7170.0  0.00119881
7174.0  0.00085726
7178.0  0.000849953
7182.0  0.000843474
7186.0  0.000644306
7190.0  0.000451526
7194.0  0.000710366
7198.0  0.000905178
7202.0  0.000778457
7206.0  0.000783003
7210.0  0.000656725
7214.0  0.000661547
7218.0  0.000667287
7222.0  0.000735507
7226.0  0.000930876
7230.0  0.00099234
7234.0  0.000987736
7238.0  0.000983462
7242.0  0.000979457
7246.0  0.00117655
7250.0  0.00117778
7254.0  0.000851537
7258.0  0.000983638
7262.0  0.000853466
7266.0  0.000788753
7270.0  0.000658104
7274.0  0.000658946
7278.0  0.000857769
7282.0  0.000858959
7286.0  0.000794034
7290.0  0.000795241
7294.0  0.000796513
7298.0  0.000997323
7302.0  0.000799291
7306.0  0.000800824
7310.0  0.000668732
7314.0  0.000669972
7318.0  0.000671322
7322.0  0.000740092
7326.0  0.00080938
7330.0  0.000676413
7334.0  0.00115386
7338.0  0.00068184
7342.0  0.000684062
7346.0  0.000684091
7350.0  0.000684131
7354.0  0.000821021
7358.0  0.000821104
7362.0  0.000684341
7366.0  0.000616006
7370.0  0.000342296
7374.0  0.000547816
7378.0  0.000890503
7382.0  0.000959448
7386.0  0.000891542
7390.0  0.000893468
7394.0  0.000687057
7398.0  0.00068683
7402.0  0.000686604
7406.0  0.000686377
7410.0  0.00102923
7414.0  0.00102889
7418.0  0.000959976
7422.0  0.000822564
7426.0  0.000548195
7430.0  0.000479512
7434.0  0.000821747
7438.0  0.000684562
7442.0  0.000752769
7446.0  0.000615697
7450.0  0.000547105
7454.0  0.000752019
7458.0  0.000751769
7462.0  0.000888159
7466.0  0.00122935
7470.0  0.00122894
7474.0  0.00102377
7478.0  0.00102343
7482.0  0.000818473
7486.0  0.000681833
7490.0  0.000817927
7494.0  0.000817653
7498.0  0.00102172
