# Units:
#  "lambda" is in Angstroms
#  "pass" is the contribution to the detector signal per photon
#
# Bandpass Names(s): V
#
# collected by: Guangtun Zhu
#
# from http://www.ctio.noao.edu/instruments/FILTERS/index.html
#
# on July 2nd 2008, NYU:
#
# Note 1: I only include Q.E. between  4540.0 AA and  6844.0 AA
#
# Note 2: It seems the curves didnot include atmospheric extinction. I added it by oke way
#   oke, filter.lambda, 1., 1.3, ext
#   filter.pass=filter.pass*10.^(-0.4*ext)
#
# Note 3: mean CCD response:http://www.ctio.noao.edu/pfccd/mosaic_ccds.html
#




4540.0  5.40534e-05
4544.0  5.41222e-05
4548.0  0.000216764
4552.0  0.0002713
4556.0  5.43289e-05
4560.0  0.00027199
4564.0  5.44671e-05
4568.0  0.000272682
4572.0  0.000382239
4576.0  0.0004374
4580.0  0.000547444
4584.0  0.000712581
4588.0  0.000384184
4592.0  0.000384672
4596.0  0.000605251
4600.0  0.000716204
4604.0  0.000717079
4608.0  0.000331363
4612.0  0.000387062
4616.0  0.000498258
4620.0  0.000388007
4624.0  0.000277486
4628.0  0.000277824
4632.0  0.00044506
4636.0  0.000668403
4640.0  0.000501913
4644.0  0.000390852
4648.0  0.000447232
4652.0  0.000839581
4656.0  0.000784563
4660.0  0.00106606
4664.0  0.00134824
4668.0  0.00118115
4672.0  0.000337881
4676.0  0.000112764
4680.0  0.000112901
4684.0  0.000226076
4688.0  0.000452702
4692.0  0.000906504
4696.0  0.00164503
4700.0  0.00130627
4704.0  0.00130773
4708.0  0.00130919
4712.0  0.00136764
4716.0  0.0018826
4720.0  0.00217027
4724.0  0.00291598
4728.0  0.00297648
4732.0  0.00303711
4736.0  0.00326997
4740.0  0.00390537
4744.0  0.00465718
4748.0  0.00506529
4752.0  0.00582005
4756.0  0.0065765
4760.0  0.00768113
4764.0  0.00901949
4768.0  0.0101293
4772.0  0.0116472
4776.0  0.0134005
4780.0  0.01539
4784.0  0.0180816
4788.0  0.0209537
4792.0  0.0241236
4796.0  0.0277672
4800.0  0.0317108
4804.0  0.0361876
4808.0  0.0405569
4812.0  0.0460485
4816.0  0.0519623
4820.0  0.0585344
4824.0  0.0649441
4828.0  0.0726029
4832.0  0.080808
4836.0  0.0893252
4840.0  0.099159
4844.0  0.109368
4848.0  0.120013
4852.0  0.132456
4856.0  0.146763
4860.0  0.157303
4864.0  0.164835
4868.0  0.172978
4872.0  0.182983
4876.0  0.193426
4880.0  0.204429
4884.0  0.217066
4888.0  0.231464
4892.0  0.24619
4896.0  0.259571
4900.0  0.272679
4904.0  0.285233
4908.0  0.29757
4912.0  0.309147
4916.0  0.320082
4920.0  0.331158
4924.0  0.342134
4928.0  0.351982
4932.0  0.361848
4936.0  0.371731
4940.0  0.381088
4944.0  0.390158
4948.0  0.398639
4952.0  0.407073
4956.0  0.414672
4960.0  0.422103
4964.0  0.428877
4968.0  0.434992
4972.0  0.441546
4976.0  0.448354
4980.0  0.454564
4984.0  0.460235
4988.0  0.465181
4992.0  0.470136
4996.0  0.474854
5000.0  0.479519
5004.0  0.484157
5008.0  0.488065
5012.0  0.492471
5016.0  0.497007
5020.0  0.501366
5024.0  0.505238
5028.0  0.507449
5032.0  0.509911
5036.0  0.512253
5040.0  0.515279
5044.0  0.517877
5048.0  0.520602
5052.0  0.522959
5056.0  0.525071
5060.0  0.52731
5064.0  0.529615
5068.0  0.531985
5072.0  0.533487
5076.0  0.534679
5080.0  0.535561
5084.0  0.537755
5088.0  0.53939
5092.0  0.540339
5096.0  0.541665
5100.0  0.542929
5104.0  0.543945
5108.0  0.544209
5112.0  0.544598
5116.0  0.546182
5120.0  0.547076
5124.0  0.548474
5128.0  0.54893
5132.0  0.5497
5136.0  0.550156
5140.0  0.550612
5144.0  0.550753
5148.0  0.551462
5152.0  0.552742
5156.0  0.553771
5160.0  0.554356
5164.0  0.555069
5168.0  0.555656
5172.0  0.556561
5176.0  0.557085
5180.0  0.557355
5184.0  0.557497
5188.0  0.558404
5192.0  0.559376
5196.0  0.559199
5200.0  0.558957
5204.0  0.559187
5208.0  0.559352
5212.0  0.55971
5216.0  0.560644
5220.0  0.561644
5224.0  0.562388
5228.0  0.562683
5232.0  0.56227
5236.0  0.561598
5240.0  0.561699
5244.0  0.56154
5248.0  0.560929
5252.0  0.56064
5256.0  0.561255
5260.0  0.562194
5264.0  0.562228
5268.0  0.561419
5272.0  0.561646
5276.0  0.561808
5280.0  0.561125
5284.0  0.561741
5288.0  0.561837
5292.0  0.561152
5296.0  0.56066
5300.0  0.560885
5304.0  0.561174
5308.0  0.561137
5312.0  0.561426
5316.0  0.561192
5320.0  0.560957
5324.0  0.560526
5328.0  0.559962
5332.0  0.559922
5336.0  0.560012
5340.0  0.559642
5344.0  0.558811
5348.0  0.558374
5352.0  0.55879
5356.0  0.558746
5360.0  0.558305
5364.0  0.557468
5368.0  0.555838
5372.0  0.554667
5376.0  0.554683
5380.0  0.554699
5384.0  0.554517
5388.0  0.553869
5392.0  0.552624
5396.0  0.551907
5400.0  0.551786
5404.0  0.551891
5408.0  0.550932
5412.0  0.549505
5416.0  0.547943
5420.0  0.547111
5424.0  0.546211
5428.0  0.54551
5432.0  0.544674
5436.0  0.543703
5440.0  0.541795
5444.0  0.540887
5448.0  0.539977
5452.0  0.539066
5456.0  0.537483
5460.0  0.536232
5464.0  0.535987
5468.0  0.535203
5472.0  0.533612
5476.0  0.53148
5480.0  0.529614
5484.0  0.528823
5488.0  0.527693
5492.0  0.526427
5496.0  0.524687
5500.0  0.523484
5504.0  0.521671
5508.0  0.519855
5512.0  0.517834
5516.0  0.516283
5520.0  0.514594
5524.0  0.512293
5528.0  0.511006
5532.0  0.510056
5536.0  0.508425
5540.0  0.506452
5544.0  0.503728
5548.0  0.501477
5552.0  0.499767
5556.0  0.498531
5560.0  0.497362
5564.0  0.495577
5568.0  0.493447
5572.0  0.491725
5576.0  0.489658
5580.0  0.487724
5584.0  0.485103
5588.0  0.483712
5592.0  0.482044
5596.0  0.479619
5600.0  0.476847
5604.0  0.474805
5608.0  0.472553
5612.0  0.470092
5616.0  0.467834
5620.0  0.465917
5624.0  0.464343
5628.0  0.462214
5632.0  0.460014
5636.0  0.457534
5640.0  0.45512
5644.0  0.451943
5648.0  0.449108
5652.0  0.447168
5656.0  0.445295
5660.0  0.443004
5664.0  0.439808
5668.0  0.436609
5672.0  0.433128
5676.0  0.430336
5680.0  0.42768
5684.0  0.425577
5688.0  0.42361
5692.0  0.420805
5696.0  0.417857
5700.0  0.414905
5704.0  0.412228
5708.0  0.409409
5712.0  0.406097
5716.0  0.403479
5720.0  0.401068
5724.0  0.398303
5728.0  0.395116
5732.0  0.391784
5736.0  0.389008
5740.0  0.385878
5744.0  0.383025
5748.0  0.380308
5752.0  0.377799
5756.0  0.375357
5760.0  0.37256
5764.0  0.368774
5768.0  0.365054
5772.0  0.36154
5776.0  0.357599
5780.0  0.353865
5784.0  0.351749
5788.0  0.349913
5792.0  0.347298
5796.0  0.344184
5800.0  0.3405
5804.0  0.337007
5808.0  0.333086
5812.0  0.328734
5816.0  0.326009
5820.0  0.323281
5824.0  0.320904
5828.0  0.318454
5832.0  0.316427
5836.0  0.313971
5840.0  0.310161
5844.0  0.305491
5848.0  0.300888
5852.0  0.297063
5856.0  0.294232
5860.0  0.291755
5864.0  0.288704
5868.0  0.284792
5872.0  0.281161
5876.0  0.277669
5880.0  0.274388
5884.0  0.271676
5888.0  0.269033
5892.0  0.266816
5896.0  0.264167
5900.0  0.260869
5904.0  0.257423
5908.0  0.253471
5912.0  0.249873
5916.0  0.247063
5920.0  0.243673
5924.0  0.240208
5928.0  0.235875
5932.0  0.232185
5936.0  0.229861
5940.0  0.227535
5944.0  0.2247
5948.0  0.221429
5952.0  0.218227
5956.0  0.21531
5960.0  0.212751
5964.0  0.209901
5968.0  0.206974
5972.0  0.204044
5976.0  0.200821
5980.0  0.197521
5984.0  0.194363
5988.0  0.190694
5992.0  0.187819
5996.0  0.184941
6000.0  0.182351
6004.0  0.179634
6008.0  0.176772
6012.0  0.173911
6016.0  0.171196
6020.0  0.168773
6024.0  0.165769
6028.0  0.162475
6032.0  0.1594
6036.0  0.156835
6040.0  0.153834
6044.0  0.151343
6048.0  0.148707
6052.0  0.145854
6056.0  0.142856
6060.0  0.139714
6064.0  0.137082
6068.0  0.134522
6072.0  0.131455
6076.0  0.12926
6080.0  0.127065
6084.0  0.125089
6088.0  0.12275
6092.0  0.120412
6096.0  0.118075
6100.0  0.115376
6104.0  0.113564
6108.0  0.111534
6112.0  0.10936
6116.0  0.107403
6120.0  0.105663
6124.0  0.103488
6128.0  0.101096
6132.0  0.0989216
6136.0  0.096602
6140.0  0.0944999
6144.0  0.0929776
6148.0  0.0912378
6152.0  0.0887734
6156.0  0.0864539
6160.0  0.0846417
6164.0  0.0829745
6168.0  0.0814522
6172.0  0.0794226
6176.0  0.0771032
6180.0  0.0751461
6184.0  0.0739862
6188.0  0.0729712
6192.0  0.0713765
6196.0  0.0692745
6200.0  0.0672451
6204.0  0.0663015
6208.0  0.0655029
6212.0  0.0636899
6216.0  0.0617321
6220.0  0.0595569
6224.0  0.0583963
6228.0  0.0573805
6232.0  0.0559302
6236.0  0.0547696
6240.0  0.0531745
6244.0  0.0514345
6248.0  0.0498395
6252.0  0.0480273
6256.0  0.0476638
6260.0  0.0470107
6264.0  0.0457781
6268.0  0.0441834
6272.0  0.0428061
6276.0  0.0415013
6280.0  0.0407759
6284.0  0.0398333
6288.0  0.0388907
6292.0  0.0378034
6296.0  0.0366437
6300.0  0.0351219
6304.0  0.034252
6308.0  0.0332373
6312.0  0.0323674
6316.0  0.0314976
6320.0  0.0309899
6324.0  0.0301926
6328.0  0.0296849
6332.0  0.0285981
6336.0  0.0273665
6340.0  0.0266417
6344.0  0.0260618
6348.0  0.0253371
6352.0  0.0247573
6356.0  0.0235983
6360.0  0.0226566
6364.0  0.022294
6368.0  0.0215696
6372.0  0.0210623
6376.0  0.0202655
6380.0  0.0197582
6384.0  0.0188892
6388.0  0.0186715
6392.0  0.0178749
6396.0  0.0174401
6400.0  0.0172225
6404.0  0.0163536
6408.0  0.0154848
6412.0  0.0148331
6416.0  0.0146879
6420.0  0.0143257
6424.0  0.0142529
6428.0  0.0134566
6432.0  0.0127327
6436.0  0.0123706
6440.0  0.0121531
6444.0  0.0121527
6448.0  0.011863
6452.0  0.0112839
6456.0  0.0107773
6460.0  0.0103429
6464.0  0.00990862
6468.0  0.00940202
6472.0  0.0094017
6476.0  0.00911211
6480.0  0.00853327
6484.0  0.00846066
6488.0  0.00795419
6492.0  0.00752006
6496.0  0.00723058
6500.0  0.00723032
6504.0  0.00744602
6508.0  0.00730024
6512.0  0.00664864
6516.0  0.00635853
6520.0  0.00592402
6524.0  0.00563412
6528.0  0.00556098
6532.0  0.00527123
6536.0  0.00498158
6540.0  0.00490857
6544.0  0.0045469
6548.0  0.00432967
6552.0  0.0041125
6556.0  0.003679
6560.0  0.00360627
6564.0  0.00360567
6568.0  0.00360507
6572.0  0.00360448
6576.0  0.00360388
6580.0  0.00345915
6584.0  0.0030983
6588.0  0.00316983
6592.0  0.00288118
6596.0  0.0024486
6600.0  0.00216017
6604.0  0.00237579
6608.0  0.0027353
6612.0  0.00295075
6616.0  0.00208676
6620.0  0.00172669
6624.0  0.00201413
6628.0  0.00230147
6632.0  0.00208536
6636.0  0.00136604
6640.0  0.00179712
6644.0  0.00194056
6648.0  0.00201209
6652.0  0.0020836
6656.0  0.00143672
6660.0  0.00143648
6664.0  0.00136442
6668.0  0.00114879
6672.0  0.00107681
6676.0  0.0011484
6680.0  0.000861155
6684.0  0.000502255
6688.0  0.000430431
6692.0  0.000717262
6696.0  0.000215142
6700.0  0.000501912
6704.0  0.000716894
6708.0  0.000645094
6712.0  0.000429989
6716.0  0.000358262
6720.0  0.000358201
6724.0  0.000501395
6728.0  0.000572924
6732.0  0.000572825
6736.0  0.000286363
6740.0  0.000214735
6744.0  0.00035783
6748.0  0.000143107
6780.0  0.000500179
6784.0  0.000142883
6788.0  0.000214287
6796.0  0.000214212
6800.0  0.000356958
6804.0  0.000142758
6808.0  7.13665e-05
6840.0  0.000213797
6844.0  0.000212192
