# Narrowband Hbeta filter
# Generated 06/07/2017 by OGT



4842.82  0
4843.07  0
4843.32  0
4843.57  0
4843.82  0
4844.08  0
4844.33  0
4844.58  0.002
4844.83  0.01
4845.08  0.031
4845.33  0.074
4845.58  0.143
4845.83  0.235
4846.08  0.341
4846.33  0.452
4846.58  0.558
4846.83  0.652
4847.08  0.733
4847.34  0.798
4847.59  0.85
4847.84  0.89
4848.09  0.92
4848.34  0.943
4848.59  0.96
4848.84  0.971
4849.09  0.98
4849.34  0.986
4849.59  0.991
4849.84  0.994
4850.09  0.996
4850.34  0.997
4850.60  0.998
4850.85  0.999
4851.10  0.999
4851.35  0.999
4851.60  1
4851.85  1
4852.10  1
4852.35  1
4852.60  1
4852.85  1
4853.10  1
4853.35  1
4853.61  1
4853.86  1
4854.11  1
4854.36  1
4854.61  1
4854.86  1
4855.11  1
4855.36  1
4855.61  1
4855.86  1
4856.11  1
4856.36  1
4856.61  1
4856.87  1
4857.12  1
4857.37  1
4857.62  1
4857.87  1
4858.12  1
4858.37  1
4858.62  1
4858.87  1
4859.12  1
4859.37  1
4859.62  1
4859.87  1
4860.13  1
4860.38  1
4860.63  1
4860.88  1
4861.13  1
4861.38  1
4861.63  1
4861.88  1
4862.13  1
4862.38  1
4862.63  1
4862.88  1
4863.13  1
4863.39  1
4863.64  1
4863.89  1
4864.14  1
4864.39  1
4864.64  1
4864.89  1
4865.14  1
4865.39  1
4865.64  1
4865.89  1
4866.14  1
4866.39  1
4866.65  1
4866.90  1
4867.15  1
4867.40  1
4867.65  1
4867.90  1
4868.15  1
4868.40  1
4868.65  1
4868.90  1
4869.15  1
4869.40  1
4869.66  1
4869.91  1
4870.16  1
4870.41  1
4870.66  1
4870.91  1
4871.16  1
4871.41  1
4871.66  1
4871.91  1
4872.16  1
4872.41  1
4872.66  1
4872.92  1
4873.17  1
4873.42  1
4873.67  1
4873.92  1
4874.17  0.999
4874.42  0.999
4874.67  0.999
4874.92  0.998
4875.17  0.997
4875.42  0.996
4875.67  0.994
4875.92  0.991
4876.18  0.986
4876.43  0.98
4876.68  0.971
4876.93  0.96
4877.18  0.943
4877.43  0.92
4877.68  0.89
4877.93  0.85
4878.18  0.798
4878.43  0.733
4878.68  0.652
4878.93  0.558
4879.18  0.452
4879.44  0.341
4879.69  0.235
4879.94  0.143
4880.19  0.074
4880.44  0.031
4880.69  0.01
4880.94  0.002
4881.19  0
4881.44  0
4881.69  0
4881.94  0
4882.19  0
4882.45  0
4882.70  0
